29	-49	-115	19	16	-68	-2	75	20	-47	
4	-47	-115	18	16	-67	-1	79	21	-28	
6	-47	-123	19	16	-68	0	76	22	13	
28	-52	-119	18	15	-68	3	72	21	-20	
14	-62	-123	18	16	-66	1	73	17	-43	
-4	-74	-128	18	16	-70	1	72	20	-24	
-21	-92	-146	18	16	-68	3	78	21	3	
-16	-125	-160	18	16	-65	2	79	21	-24	
-24	-148	-176	19	16	-60	-1	73	19	-40	
-39	-174	-187	21	16	-62	1	73	20	-26	
-66	-206	-207	21	16	-68	-2	76	20	5	
-63	-228	-219	19	14	-67	0	78	18	-18	
-55	-256	-226	19	15	-69	0	72	19	-49	
-68	-280	-245	18	16	-67	1	75	20	-36	
-78	-302	-253	19	16	-63	3	75	21	10	
-82	-321	-265	19	15	-67	-1	78	21	-21	
-87	-341	-269	19	17	-68	-2	78	20	-49	
-108	-368	-277	18	17	-69	1	75	21	-11	
-122	-388	-293	19	16	-65	2	76	20	13	
-103	-406	-298	21	16	-66	4	73	20	-26	
-106	-432	-308	18	16	-64	3	77	17	-42	
-123	-445	-321	21	16	-66	1	77	21	-11	
-133	-461	-325	19	16	-68	1	77	18	3	
-131	-479	-320	21	17	-67	0	76	18	-27	
-126	-495	-344	18	20	-69	1	76	22	-38	
-143	-507	-354	22	17	-61	3	76	21	-9	
-149	-530	-349	19	16	-64	3	81	21	-5	
-162	-548	-352	19	16	-65	3	75	21	-40	
-141	-580	-357	18	17	-60	0	76	21	-31	
-155	-602	-360	21	19	-60	-1	79	18	-6	
-194	-619	-372	21	18	-63	0	81	20	-15	
-190	-638	-383	19	23	-61	0	81	21	-37	
-169	-643	-390	19	17	-58	1	82	18	-18	
-183	-656	-394	21	20	-60	2	81	14	-3	
-197	-679	-399	21	18	-59	1	83	18	-20	
-200	-711	-413	19	22	-59	-2	82	21	-28	
-188	-720	-407	21	19	-58	3	82	20	-20	
-187	-720	-399	21	21	-55	3	83	20	-7	
-186	-732	-391	22	23	-57	2	79	15	-25	
-213	-755	-398	19	21	-60	-1	95	18	-34	
-211	-774	-414	22	23	-57	0	86	18	-24	
-211	-781	-445	19	24	-54	2	89	18	-7	
-200	-795	-444	22	26	-51	6	89	18	-37	
-214	-806	-452	21	26	-55	2	85	15	-31	
-188	-822	-467	24	27	-54	-1	82	18	0	
-176	-825	-463	22	26	-53	2	86	21	-18	
-181	-841	-474	19	30	-49	4	85	17	-37	
-214	-851	-422	21	28	-41	0	86	15	-18	
-235	-862	-432	21	30	-42	2	88	20	-7	
-231	-879	-462	18	30	-39	4	90	18	-16	
-191	-873	-463	19	34	-40	0	93	18	-34	
-182	-877	-454	19	36	-38	-1	95	15	-22	
-236	-880	-458	25	38	-37	0	93	17	-8	
-276	-896	-455	16	35	-35	3	98	17	-18	
-259	-904	-461	16	37	-39	2	99	14	-36	
-215	-914	-473	18	36	-38	-5	102	12	-18	
-190	-913	-469	22	39	-40	0	102	14	-8	
-245	-912	-458	21	38	-44	2	102	12	-28	
-270	-913	-453	22	38	-38	-1	104	12	-36	
-211	-942	-463	19	43	-37	0	108	12	-11	
-163	-930	-463	22	42	-36	3	104	15	-12	
-216	-932	-453	21	43	-40	0	104	11	-36	
-284	-927	-471	21	44	-35	-1	108	14	-34	
-226	-930	-483	19	47	-32	0	108	15	3	
-190	-935	-478	25	48	-30	3	100	14	-15	
-223	-920	-467	19	45	-25	2	102	17	-47	
-277	-939	-464	27	51	-26	0	105	15	-24	
-260	-939	-469	22	50	-24	3	102	23	5	
-245	-929	-457	19	46	-23	3	103	18	-24	
-272	-934	-466	19	42	-25	-1	106	14	-51	
-277	-931	-475	19	40	-25	0	105	11	-18	
-262	-911	-461	19	48	-31	0	105	20	7	
-258	-893	-466	21	46	-29	7	108	15	-28	
-255	-894	-454	24	45	-30	1	105	15	-45	
-259	-876	-439	21	44	-40	4	110	15	-11	
-275	-849	-438	21	45	-35	-1	106	14	-11	
-275	-829	-440	18	46	-34	-2	110	14	-34	
-239	-796	-442	19	44	-36	2	108	15	-53	
-239	-776	-440	19	46	-35	2	113	14	-10	
-223	-768	-440	21	47	-37	3	112	14	1	
-242	-748	-431	21	46	-36	3	116	19	-36	
-249	-694	-441	22	47	-37	3	118	17	-49	
-230	-720	-416	22	47	-33	6	121	15	-8	
-218	-670	-447	22	44	-37	3	118	12	7	
-188	-674	-434	21	46	-35	4	118	14	-41	
-227	-640	-426	26	45	-34	7	115	17	-51	
-227	-587	-402	27	46	-33	4	113	15	-3	
-193	-693	-408	19	43	-35	2	109	15	4	
-212	-705	-407	21	42	-40	1	111	21	-49	
-235	-699	-407	21	42	-42	-2	102	14	-47	
-254	-671	-399	15	41	-41	0	106	14	4	
-239	-647	-380	22	43	-40	3	109	20	-1	
-195	-697	-357	18	41	-40	6	105	20	-51	
-178	-685	-365	19	41	-42	2	103	18	-45	
-224	-676	-352	21	44	-40	-2	102	22	8	
-240	-641	-349	24	46	-42	2	102	24	-8	
-225	-638	-366	22	41	-40	-2	96	25	-55	
-173	-675	-352	24	43	-40	-1	95	24	-43	
-195	-643	-355	19	43	-39	0	100	25	14	
-240	-605	-369	21	50	-39	7	102	24	-12	
-199	-604	-363	19	47	-35	3	105	23	-66	
-143	-458	-382	22	44	-34	5	96	25	-37	
-166	-660	-338	22	48	-37	1	97	23	14	
-200	-625	-350	22	46	-41	3	92	20	-24	
-195	-616	-344	15	42	-32	-3	90	19	-63	
-162	-635	-337	13	41	-34	-2	86	22	-32	
-165	-618	-326	14	36	-35	0	85	17	16	
-172	-659	-313	18	36	-36	0	85	21	-24	
-162	-620	-295	19	35	-43	2	83	25	-63	
-126	-641	-277	18	36	-46	0	74	30	-31	
-117	-660	-280	15	32	-45	-2	76	33	7	
-136	-625	-260	16	27	-50	-5	79	37	-25	
-146	-621	-261	18	26	-50	-1	75	37	-51	
-120	-605	-256	16	30	-45	1	72	38	-25	
-139	-619	-252	21	36	-40	-2	76	43	5	
-100	-621	-263	24	39	-44	1	76	40	-22	
-92	-619	-193	25	46	-41	4	75	38	-57	
-54	-624	-204	24	41	-32	1	80	37	-24	
-55	-648	-198	25	40	-40	3	73	30	4	
-65	-637	-191	21	37	-35	-1	69	28	-30	
-66	-618	-165	15	36	-33	-2	77	28	-55	
-71	-666	-128	14	32	-37	3	81	25	-16	
-53	-651	-116	21	30	-40	-1	85	22	7	
-36	-653	-91	18	25	-40	-6	89	18	-37	
-44	-660	-72	19	22	-39	2	87	18	-50	
-4	-655	-68	18	18	-40	5	93	20	3	
-10	-613	-49	19	16	-39	2	92	21	7	
-18	-463	-43	19	16	-32	-1	93	18	-43	
17	-222	-13	22	14	-33	-1	97	21	-47	
56	-21	3	18	12	-35	1	96	24	7	
44	72	21	19	16	-30	2	96	20	10	
31	155	49	21	18	-26	4	102	13	-53	
60	219	65	19	24	-20	11	102	12	-40	
77	281	68	21	31	-19	4	108	9	14	
60	317	70	21	35	-22	4	111	6	-3	
81	347	76	19	36	-21	2	110	1	-55	
88	383	91	18	37	-20	1	114	-6	-37	
110	404	99	22	41	-15	4	112	-11	29	
110	446	82	22	39	-16	1	114	-6	-7	
82	486	94	22	37	-19	0	120	-11	-64	
77	481	88	24	34	-23	7	123	-15	-30	
103	509	83	19	36	-23	5	124	-16	24	
139	545	98	21	38	-25	6	114	-22	-12	
130	560	106	21	32	-28	1	118	-18	-61	
113	586	112	18	34	-27	2	117	-9	-25	
120	605	113	16	33	-28	2	109	-4	23	
152	613	135	22	28	-30	4	103	9	-18	
146	618	130	21	25	-32	4	88	18	-69	
125	639	128	22	24	-28	-1	83	24	-21	
132	648	132	18	23	-34	-1	76	27	28	
152	648	128	19	21	-30	4	70	35	-18	
125	669	136	21	17	-29	2	73	47	-69	
87	690	138	19	17	-28	-4	63	47	-28	
107	723	134	19	18	-37	2	65	53	14	
173	737	123	18	15	-39	1	62	53	-21	
171	765	126	18	11	-48	-1	57	56	-46	
131	803	134	19	6	-51	-6	54	53	-18	
98	832	119	24	1	-56	-4	54	51	5	
152	868	107	22	-3	-58	-4	53	48	-37	
209	873	101	19	-6	-60	-3	44	43	-49	
200	905	96	9	-10	-55	-2	49	38	-3	
164	923	98	2	-5	-58	-2	47	40	-12	
161	919	103	8	-9	-52	3	52	40	-49	
173	931	105	14	-14	-54	8	44	41	-28	
144	949	109	22	-24	-67	9	44	38	-1	
123	942	106	24	-34	-70	9	37	45	-24	
155	934	114	21	-44	-65	0	34	44	-55	
167	936	118	11	-55	-70	-11	33	57	-18	
144	935	125	0	-73	-79	-12	30	60	-12	
130	939	135	-4	-88	-95	-5	33	60	-26	
137	939	144	6	-100	-109	10	21	80	-32	
150	938	162	-1	-117	-128	8	28	80	-16	
189	941	173	1	-136	-147	5	21	87	-15	
208	945	181	-2	-138	-165	4	14	87	-35	
192	949	197	8	-134	-170	-5	15	89	-28	
199	952	207	5	-138	-175	-9	11	96	-16	
197	968	224	5	-137	-173	-3	10	97	-21	
205	983	249	9	-123	-180	-1	16	100	-43	
201	1007	261	21	-127	-189	4	11	105	-21	
230	1037	267	26	-125	-194	6	11	100	-14	
238	1026	278	24	-119	-188	7	5	97	-26	
234	1029	286	19	-108	-199	-2	9	98	-28	
208	1034	289	16	-106	-194	-7	12	90	-24	
188	1037	291	14	-110	-192	-2	14	83	-12	
183	1037	285	14	-118	-192	4	9	90	-26	
162	1026	302	18	-127	-194	-4	12	89	-36	
194	1036	306	14	-132	-189	-2	10	82	-11	
204	1032	305	11	-124	-184	-2	23	79	-5	
219	1028	302	8	-144	-168	-6	14	76	-26	
212	1056	291	5	-142	-162	-4	17	73	-36	
181	1032	281	3	-147	-157	-4	20	70	-8	
159	1011	268	3	-142	-153	-2	15	71	-3	
208	992	267	8	-149	-145	-2	14	74	-35	
230	992	273	6	-151	-133	4	17	73	-37	
213	980	258	8	-147	-126	1	19	70	10	
172	972	258	9	-135	-118	-2	20	69	-6	
170	957	256	12	-131	-118	2	20	70	-51	
212	920	251	16	-128	-116	1	17	69	-21	
217	908	256	18	-125	-110	4	18	66	17	
172	892	259	21	-121	-111	2	17	71	-16	
163	861	258	15	-116	-100	3	17	73	-55	
173	828	253	18	-119	-105	-2	15	74	-17	
179	808	256	16	-112	-100	2	15	73	17	
183	778	266	18	-115	-94	2	17	64	-28	
131	754	265	18	-116	-95	-2	17	73	-51	
129	734	255	18	-118	-95	0	17	76	0	
153	697	284	19	-124	-90	-1	18	76	17	
164	665	275	15	-124	-94	3	19	77	-32	
170	644	262	15	-126	-76	-6	20	70	-49	
177	601	255	16	-128	-69	0	23	70	2	
161	583	271	18	-122	-63	4	26	69	22	
133	558	264	21	-118	-62	4	27	70	-41	
150	525	262	18	-115	-53	1	21	67	-40	
157	498	255	12	-103	-42	-2	19	66	9	
138	479	240	12	-93	-29	4	20	69	14	
163	457	227	8	-80	-24	0	17	61	-43	
141	436	223	9	-69	-20	5	20	59	-40	
123	414	194	6	-60	-7	6	20	59	16	
131	411	185	8	-57	2	2	21	60	5	
139	374	173	6	-38	10	-1	23	60	-41	
137	383	157	6	-20	16	1	21	57	-28	
163	381	138	15	-13	20	1	20	60	5	
161	365	132	29	-18	21	6	23	66	-2	
134	342	108	22	-1	20	8	24	61	-43	
122	332	100	15	-7	17	-2	23	64	-26	
125	302	89	9	2	20	-10	25	66	18	
116	275	60	3	3	24	-9	24	61	-6	
105	252	55	-5	6	29	0	29	61	-39	
105	235	48	8	-5	21	6	24	61	-40	
102	170	30	16	4	15	7	27	59	10	
107	173	20	21	1	11	12	24	60	-2	
164	135	21	19	0	18	1	27	63	-36	
179	110	5	14	-3	23	-8	20	63	-28	
153	76	2	8	1	17	-10	24	57	24	
140	44	2	12	-4	5	-4	23	58	8	
116	20	-12	15	-13	8	5	25	64	-47	
149	15	-49	19	-16	14	13	24	67	9	
113	-2	-70	15	-17	13	9	23	73	23	
100	-38	-84	13	-3	18	3	23	74	-26	
148	-57	-115	12	-4	20	-3	24	73	-47	
134	-48	-68	11	7	27	0	24	77	-8	
101	-34	-98	9	-1	21	4	24	76	33	
108	-49	-110	19	0	38	9	27	80	-31	
115	-81	-112	22	1	38	4	24	74	-46	
136	-111	-109	21	11	38	4	27	70	8	
118	-121	-126	12	18	39	-1	23	74	20	
93	-161	-121	9	17	33	-6	23	74	-26	
77	-210	-139	8	17	25	-3	17	79	-43	
85	-213	-146	11	17	25	-1	20	79	9	
77	-257	-171	12	23	23	0	14	76	24	
60	-262	-179	14	31	20	0	12	84	-34	
61	-266	-189	11	35	15	-1	14	87	-38	
76	-278	-210	12	33	12	-6	15	89	11	
51	-300	-218	11	35	14	-6	17	93	24	
53	-293	-227	9	41	14	-3	20	106	-34	
82	-273	-234	9	55	15	3	25	119	-18	
82	-273	-234	9	55	15	3	25	119	-18	
82	-273	-234	9	55	15	3	25	119	-18	
99	-206	-234	5	63	23	1	44	164	-15	
89	-196	-231	6	68	20	4	46	157	3	
70	-185	-228	6	68	20	2	67	216	74	
53	-193	-239	9	74	19	2	137	331	149	
93	-169	-243	8	75	12	-2	161	379	38	
84	-165	-240	9	72	10	-1	160	382	35	
37	-172	-223	6	69	12	2	150	372	54	
38	-174	-218	5	71	6	-1	186	440	161	
77	-181	-226	1	77	7	0	198	465	153	
79	-167	-221	1	69	-3	1	200	480	76	
18	-164	-213	3	67	-9	0	207	500	82	
13	-151	-219	8	59	-6	-2	213	523	141	
63	-153	-221	6	56	-7	-4	225	551	166	
76	-136	-220	12	50	-8	-7	236	582	142	
21	-134	-206	9	54	-8	-2	244	607	112	
16	-120	-195	11	46	-9	-2	261	632	112	
65	-114	-189	6	45	-21	3	271	650	142	
76	-108	-194	12	44	-23	8	288	674	158	
53	-108	-187	6	39	-30	4	298	701	146	
14	-95	-183	9	39	-34	5	323	716	165	
38	-85	-183	5	36	-43	8	336	736	190	
66	-60	-179	15	33	-41	1	348	749	206	
43	-76	-175	15	26	-54	4	361	748	218	
22	-73	-168	15	27	-62	4	369	760	230	
23	-76	-149	12	20	-66	0	383	766	259	
45	-81	-152	9	10	-75	-3	377	774	268	
46	-87	-155	15	7	-85	0	378	779	256	
26	-91	-150	9	-1	-105	-2	382	795	251	
7	-86	-142	3	-1	-107	-3	386	814	251	
11	-91	-127	5	-3	-113	-6	387	830	218	
20	-77	-122	6	-10	-126	-7	401	832	216	
23	-83	-107	9	-9	-124	-6	410	849	219	
21	-77	-106	15	-8	-120	-2	413	854	244	
26	-80	-97	11	-5	-129	-6	414	865	254	
26	-73	-81	11	-3	-120	-2	424	873	246	
23	-68	-81	11	-1	-119	-1	428	881	210	
37	-67	-79	11	1	-114	4	425	885	193	
55	-59	-82	12	-1	-116	4	428	879	192	
27	-46	-74	11	2	-104	-4	445	882	209	
4	-51	-72	9	3	-93	0	448	883	223	
-4	-52	-66	11	2	-88	4	462	888	216	
50	-43	-64	11	1	-84	2	467	879	204	
81	-49	-53	9	1	-90	4	472	880	184	
50	-43	-43	11	-2	-88	-1	490	874	189	
9	-47	-48	14	-5	-88	-2	504	874	215	
-7	-53	-49	9	-4	-96	-1	497	887	219	
10	-59	-41	5	-4	-94	3	500	872	217	
66	-61	-34	8	-7	-96	-1	512	869	241	
75	-77	-17	5	-7	-95	0	525	882	261	
38	-79	-13	9	-4	-94	0	512	888	225	
17	-80	-9	6	2	-91	2	520	885	251	
3	-83	-10	14	-1	-92	3	518	861	261	
10	-88	-10	11	1	-83	1	530	886	275	
37	-84	-11	15	10	-84	5	518	887	246	
63	-95	-9	14	10	-78	2	524	858	247	
48	-91	2	14	9	-70	6	532	853	258	
33	-83	12	18	17	-65	8	525	844	264	
23	-77	15	12	19	-62	4	528	848	250	
10	-76	6	12	18	-56	6	532	839	273	
30	-75	4	11	18	-60	6	537	838	261	
55	-78	4	11	17	-63	2	534	836	242	
66	-79	4	11	15	-60	3	545	813	254	
56	-90	9	12	14	-58	0	559	820	275	
48	-88	23	11	14	-55	-2	557	822	261	
61	-95	32	8	15	-53	-2	553	807	283	
54	-107	39	11	15	-60	2	550	827	288	
72	-107	41	8	14	-63	-1	538	829	280	
86	-104	40	11	13	-51	-2	530	812	273	
81	-114	36	12	18	-50	0	519	811	260	
63	-117	33	12	17	-55	0	521	823	257	
60	-105	41	16	17	-51	1	502	821	252	
53	-98	44	16	21	-50	3	500	813	238	
37	-102	46	12	19	-41	-1	501	794	224	
43	-106	44	13	18	-37	-2	493	782	211	
50	-96	41	11	21	-44	2	497	779	235	
67	-79	41	15	16	-35	2	488	764	262	
69	-78	29	14	13	-39	4	493	739	259	
69	-89	20	16	20	-35	4	482	725	223	
65	-86	15	12	17	-32	7	477	720	215	
73	-74	15	9	10	-35	3	475	710	215	
60	-71	10	11	4	-41	2	465	683	248	
54	-79	11	8	1	-40	-1	468	671	221	
54	-78	14	9	-7	-48	-2	453	669	213	
57	-70	23	9	-4	-50	-2	453	640	195	
56	-62	24	9	-7	-57	-2	432	644	264	
40	-62	23	11	-3	-57	5	414	648	260	
53	-71	20	18	-2	-56	3	403	647	234	
59	-76	8	18	-1	-56	-1	383	629	193	
44	-68	9	15	3	-60	0	385	611	212	
39	-62	-4	16	4	-61	0	375	581	238	
42	-52	-14	14	3	-65	-3	358	560	224	
51	-53	-27	12	1	-56	1	362	530	189	
36	-49	-32	6	2	-60	-2	358	501	205	
36	-40	-30	8	-5	-63	2	365	483	252	
26	-33	-27	12	-9	-65	3	352	469	220	
46	-24	-34	6	-7	-63	0	345	444	176	
48	-18	-39	11	-12	-65	-1	337	441	172	
36	-8	-36	9	-9	-60	1	321	431	213	
26	-11	-47	9	-16	-57	-3	299	439	194	
45	-7	-52	8	-15	-61	-2	279	436	149	
45	-2	-56	8	-11	-60	1	263	419	155	
43	-3	-64	11	-10	-56	0	250	428	196	
33	-6	-61	8	-11	-58	3	249	409	200	
56	-14	-63	8	-9	-59	3	232	397	146	
68	-16	-59	9	-6	-60	-2	218	357	109	
62	-16	-60	6	-5	-57	1	211	323	124	
36	-18	-55	11	-1	-60	1	203	288	112	
40	-22	-50	15	1	-64	-5	191	248	101	
48	-22	-56	13	1	-60	-1	182	199	105	
38	-29	-48	9	2	-63	-5	178	158	102	
30	-27	-60	9	-2	-60	1	164	124	110	
27	-23	-53	9	-1	-62	-4	159	116	104	
36	-13	-72	11	-1	-63	-2	156	90	67	
47	-4	-71	11	0	-65	5	140	52	68	
41	2	-76	12	2	-62	2	126	31	62	
35	4	-83	12	1	-60	0	115	-2	83	
56	-2	-81	11	1	-59	-6	120	-39	73	
67	-5	-94	5	0	-60	-2	113	-80	47	
64	-6	-91	8	-1	-56	5	101	-126	53	
49	-2	-80	9	5	-55	5	97	-159	35	
48	5	-86	11	5	-55	4	68	-182	-6	
63	8	-72	11	8	-56	3	86	-217	-21	
50	2	-70	6	11	-49	0	71	-241	-31	
34	-12	-66	9	14	-39	0	54	-267	-31	
39	-24	-58	11	14	-38	3	28	-299	-17	
48	-42	-59	11	18	-38	3	19	-309	-15	
47	-44	-56	14	25	-35	-4	6	-337	-26	
35	-37	-47	11	29	-25	-2	-6	-362	-49	
25	-35	-48	11	32	-29	-3	-19	-389	-59	
96	-31	-43	11	38	-22	4	-27	-411	-36	
124	-43	-43	11	42	-19	5	-40	-440	-50	
79	-48	-53	11	44	-16	3	-30	-489	-83	
51	-52	-52	12	51	-10	3	-43	-527	-116	
43	-62	-48	15	59	-8	2	-49	-555	-99	
73	-59	-50	11	63	-6	4	-44	-593	-67	
96	-61	-48	12	69	1	-1	-49	-632	-98	
77	-53	-51	9	66	6	3	-50	-664	-103	
65	-47	-51	9	78	13	5	-38	-704	-67	
79	-39	-42	11	80	14	1	-51	-724	-106	
75	-46	-33	11	88	14	0	-62	-740	-131	
78	-56	-29	8	93	13	3	-77	-764	-69	
57	-64	-23	12	93	16	3	-78	-785	-65	
40	-75	-6	11	99	25	-1	-94	-789	-121	
39	-88	4	11	101	25	0	-110	-794	-147	
41	-96	14	8	113	38	0	-107	-825	-111	
40	-99	17	12	124	45	2	-97	-832	-96	
37	-89	17	12	130	50	4	-99	-850	-132	
39	-91	20	16	134	59	6	-104	-865	-143	
46	-89	20	11	135	63	6	-101	-883	-143	
43	-88	23	16	145	66	0	-93	-907	-123	
47	-91	27	11	154	65	-1	-96	-915	-140	
45	-88	25	12	155	58	-2	-98	-931	-148	
61	-100	32	8	149	60	-1	-102	-937	-140	
52	-89	29	13	140	50	8	-111	-938	-132	
54	-89	32	12	138	59	6	-103	-954	-109	
69	-88	37	14	143	55	3	-109	-970	-129	
55	-89	43	9	151	55	-2	-105	-967	-166	
40	-81	49	8	151	53	-2	-102	-970	-154	
60	-71	47	15	147	57	-1	-103	-974	-133	
65	-68	60	19	147	50	8	-101	-976	-139	
41	-68	72	18	148	47	8	-105	-981	-156	
37	-75	69	14	150	50	7	-116	-981	-170	
35	-82	75	14	151	44	0	-128	-979	-147	
40	-85	84	12	150	43	1	-133	-984	-170	
20	-95	92	9	149	40	11	-142	-989	-238	
13	-98	105	16	149	39	9	-145	-994	-268	
16	-101	105	18	147	35	11	-147	-1018	-253	
26	-101	106	16	146	33	-6	-153	-1053	-223	
16	-101	116	16	142	35	7	-171	-1079	-216	
16	-90	127	16	140	31	10	-179	-1111	-236	
21	-84	135	15	131	27	4	-193	-1139	-247	
35	-75	180	12	128	20	4	-207	-1154	-240	
36	-72	133	15	127	19	8	-211	-1171	-232	
32	-67	137	13	126	22	4	-211	-1178	-257	
36	-60	166	12	126	24	5	-207	-1181	-242	
36	-63	156	5	134	33	5	-214	-1183	-256	
42	-63	170	12	134	36	2	-213	-1192	-252	
38	-64	153	18	144	40	4	-217	-1200	-264	
40	-65	151	31	137	45	6	-224	-1188	-243	
58	-66	149	29	139	41	18	-226	-1175	-254	
51	-74	156	22	137	45	4	-224	-1178	-265	
23	-74	155	19	142	52	-2	-228	-1180	-264	
20	-67	164	14	138	57	-11	-239	-1171	-245	
50	-64	159	6	132	54	-6	-239	-1157	-216	
76	-65	162	8	126	50	4	-238	-1153	-213	
49	-59	160	12	118	50	5	-240	-1139	-213	
3	-57	146	14	113	49	4	-249	-1132	-196	
23	-48	149	9	111	46	1	-254	-1115	-143	
53	-43	149	8	117	54	-5	-260	-1102	-172	
-13	-37	151	11	114	51	-6	-247	-1086	-213	
-64	-31	141	14	113	55	-3	-244	-1066	-209	
-18	-28	125	18	115	54	0	-260	-1057	-165	
63	-31	103	16	115	54	-1	-266	-1035	-152	
65	-33	98	16	111	51	5	-263	-1023	-177	
20	-25	113	16	122	62	1	-260	-996	-203	
-33	-24	109	13	121	58	1	-260	-959	-190	
-22	-26	92	15	120	57	3	-266	-949	-179	
23	-24	85	15	119	60	4	-277	-910	-185	
31	-16	78	19	119	52	2	-258	-878	-170	
23	-14	67	18	116	62	1	-261	-850	-180	
5	-12	57	15	112	58	3	-262	-815	-152	
10	-4	55	12	110	65	2	-266	-767	-116	
15	-2	45	14	101	61	1	-256	-742	-132	
25	4	44	16	92	63	11	-255	-725	-163	
15	8	35	12	82	61	-1	-252	-690	-166	
14	18	28	13	83	60	4	-246	-656	-137	
25	24	17	14	79	63	6	-249	-626	-141	
35	25	13	9	73	67	1	-254	-607	-143	
38	27	2	8	64	65	-2	-247	-587	-175	
27	28	-7	9	61	62	1	-243	-564	-165	
20	37	-15	12	62	61	0	-242	-540	-184	
37	39	-21	14	64	62	5	-236	-509	-185	
43	36	-29	14	63	70	5	-226	-469	-151	
43	34	-39	8	59	68	3	-218	-439	-149	
33	39	-53	5	58	73	-3	-202	-401	-144	
36	38	-60	3	60	67	-2	-193	-383	-126	
56	36	-61	8	65	70	-9	-187	-322	-145	
53	34	-64	3	63	75	-2	-182	-290	-130	
40	32	-61	2	59	67	2	-180	-252	-142	
40	32	-69	22	49	66	4	-184	-194	-133	
67	23	-70	31	33	54	12	-172	-180	-102	
53	26	-75	16	31	40	7	-174	-151	-129	
53	28	-68	6	20	34	0	-177	-135	-141	
61	15	-77	3	18	40	-8	-162	-117	-109	
62	14	-88	-2	1	41	-6	-165	-94	-99	
51	19	-94	2	9	34	7	-159	-80	-97	
59	22	-95	15	-2	30	15	-152	-87	-90	
79	13	-105	21	-5	38	16	-143	-55	-88	
84	9	-117	19	-10	47	10	-125	-33	-101	
84	21	-131	19	2	61	-3	-114	-3	-92	
120	22	-140	15	-4	62	-11	-111	17	-76	
118	26	-162	13	-8	80	-18	-97	49	-81	
97	29	-169	5	-17	86	-16	-96	94	-103	
94	31	-177	5	-20	81	-9	-81	130	-91	
111	36	-190	11	-26	75	-6	-78	192	-78	
107	45	-201	9	-44	73	-6	-78	227	-57	
96	44	-197	9	-59	67	-10	-67	270	-68	
100	48	-204	1	-59	68	-13	-62	298	-66	
96	56	-213	-2	-56	73	-16	-54	317	-40	
98	57	-227	0	-75	80	-7	-43	356	-60	
100	56	-235	2	-67	73	-1	-39	369	-70	
94	53	-244	9	-72	76	0	-34	397	-130	
85	54	-250	12	-67	82	4	-21	430	-226	
72	52	-251	9	-75	84	8	-20	422	-151	
93	48	-251	11	-64	79	11	-17	445	-46	
92	39	-257	12	-59	75	14	-13	454	-79	
90	30	-270	15	-53	57	17	-17	463	-138	
70	16	-277	18	-62	42	18	-15	478	-73	
57	1	-295	16	-57	31	5	-16	480	-55	
69	-14	-302	9	-57	19	2	-7	482	-118	
73	-35	-311	5	-56	0	-3	4	491	-111	
41	-52	-329	3	-59	-25	-11	8	506	-133	
31	-72	-340	9	-60	-55	-26	16	436	-171	
33	-97	-340	8	-63	-64	-23	25	319	-143	
44	-112	-353	2	-60	-58	-24	32	347	-75	
34	-135	-345	-2	-44	-50	-36	38	413	-101	
7	-166	-356	0	-46	-34	-26	44	424	-118	
0	-185	-365	8	-40	-26	-6	56	262	-112	
-13	-220	-377	6	-40	-5	34	55	197	-144	
-41	-261	-379	-1	-24	13	34	43	284	-139	
-66	-297	-401	0	-18	32	17	58	352	-110	
-72	-334	-411	-4	-15	40	14	51	306	-106	
-77	-367	-419	-8	-14	45	23	49	266	-72	
-67	-403	-420	-8	-14	42	14	52	322	-27	
-80	-429	-422	-4	-17	35	5	59	380	-46	
-99	-460	-423	2	-30	20	-1	62	376	-92	
-92	-479	-402	6	-28	5	-2	59	345	-75	
-78	-505	-388	-2	-27	-15	-3	66	353	7	
-108	-522	-377	1	-28	-30	-12	61	391	23	
-130	-548	-377	14	-24	-58	-15	66	405	-57	
-117	-568	-380	18	-27	-65	-5	68	387	-110	
-107	-600	-374	28	-21	-73	12	64	367	-49	
-136	-624	-373	26	-13	-83	6	63	366	3	
-172	-655	-378	32	-13	-74	-5	73	355	-1	
-171	-669	-383	32	-12	-74	-2	63	325	-88	
-168	-683	-387	29	-8	-68	3	74	282	-110	
-183	-693	-389	34	-7	-65	7	63	254	-47	
-199	-691	-402	38	-13	-54	9	58	210	-7	
-222	-694	-414	35	-13	-50	9	73	184	-60	
-197	-695	-432	25	-17	-38	2	80	149	-164	
-179	-694	-453	15	-16	-30	5	82	116	-119	
-190	-694	-478	14	-17	-26	-1	79	113	-17	
-181	-693	-493	5	-23	-21	-6	82	103	8	
-184	-692	-507	2	-27	-25	-2	102	103	-91	
-201	-696	-514	-2	-23	-23	-3	104	113	-132	
-218	-695	-516	-5	-20	-28	-2	110	119	-44	
-227	-699	-513	-7	-13	-28	-7	106	128	32	
-227	-716	-467	-11	-7	-26	-9	104	130	17	
-224	-720	-505	-7	5	-28	-10	93	119	-66	
-194	-747	-512	-2	15	-30	-6	94	133	-114	
-219	-768	-488	3	40	-27	-6	89	134	-40	
-259	-794	-469	15	61	-18	-3	70	124	-7	
-283	-821	-455	21	76	-7	-2	62	119	-23	
-270	-853	-446	26	98	5	1	64	106	-82	
-237	-881	-439	27	123	7	2	84	82	-89	
-230	-899	-442	37	123	14	7	98	73	-58	
-241	-901	-433	32	141	5	8	106	52	-34	
-259	-924	-430	28	134	0	6	103	44	-39	
-242	-891	-390	22	132	-5	0	107	30	-68	
-210	-906	-385	12	136	-8	2	115	19	-78	
-213	-953	-415	14	115	-19	-1	116	17	-81	
-236	-1086	-391	12	97	-27	-4	134	6	-54	
-265	-955	-396	9	91	-28	-5	135	-9	-49	
-229	-914	-400	6	80	-28	2	145	-14	-59	
-202	-896	-419	6	67	-31	4	140	-22	-89	
-226	-901	-367	3	66	-30	2	164	-36	-79	
-243	-915	-367	-1	64	-26	2	180	-48	-70	
-230	-917	-376	3	62	-16	7	180	-51	-59	
-243	-930	-368	9	72	-11	7	179	-56	-45	
-261	-950	-363	14	79	-9	14	168	-72	-47	
-281	-946	-357	18	89	-5	16	161	-75	-50	
-208	-999	-349	24	107	4	11	162	-79	-73	
-163	-988	-336	28	112	12	9	153	-85	-86	
-190	-983	-339	25	113	9	8	159	-82	-81	
-247	-956	-345	21	112	14	8	151	-86	-54	
-259	-957	-323	21	113	7	14	158	-78	-36	
-226	-939	-312	21	113	0	2	166	-74	-46	
-214	-933	-317	18	115	-2	3	166	-82	-64	
-231	-888	-309	12	110	-6	0	162	-73	-67	
-228	-859	-313	14	108	-9	-2	164	-62	-73	
-221	-840	-318	14	100	-9	-7	171	-54	-94	
-238	-818	-315	18	95	-6	-4	170	-55	-71	
-238	-773	-318	22	99	0	2	175	-58	-58	
-220	-769	-317	21	104	8	6	171	-60	-52	
-187	-767	-313	16	106	25	4	166	-62	-47	
-170	-766	-340	21	110	30	7	167	-55	-64	
-222	-733	-334	11	112	41	5	167	-71	-76	
-247	-700	-335	15	116	45	8	167	-66	-108	
-204	-685	-349	16	110	46	5	165	-77	-117	
-193	-656	-359	16	104	54	6	157	-68	-99	
-237	-655	-355	16	103	49	5	155	-56	-73	
-251	-648	-342	18	96	37	-1	150	-55	-60	
-220	-650	-333	14	95	30	-1	129	-49	-55	
-189	-645	-323	15	86	23	0	125	-48	-70	
-165	-643	-311	15	83	11	-1	111	-31	-81	
-199	-617	-319	12	81	7	-1	100	-14	-90	
-217	-629	-316	8	80	-5	3	96	4	-99	
-228	-638	-333	12	76	-7	1	93	17	-127	
-193	-613	-338	12	77	-15	-1	90	34	-117	
-181	-621	-327	15	73	-18	2	85	44	-94	
-216	-591	-341	15	71	-15	3	75	60	-69	
-199	-614	-335	19	68	-15	1	68	69	-47	
-179	-602	-346	24	65	-20	2	59	61	-69	
-144	-557	-346	15	62	-16	0	46	74	-66	
-173	-575	-338	9	60	-20	-2	42	63	-66	
-190	-542	-346	9	52	-18	2	27	59	-67	
-167	-560	-328	9	49	-26	8	25	70	-93	
-160	-564	-333	12	42	-35	5	25	72	-103	
-188	-551	-329	9	35	-33	2	20	69	-93	
-177	-580	-321	8	29	-41	-2	24	77	-72	
-129	-555	-323	6	13	-53	-2	24	68	-69	
-89	-570	-335	3	2	-63	-6	19	74	-79	
-148	-570	-326	3	-14	-70	-6	18	93	-57	
-158	-530	-312	3	-13	-79	-6	18	101	-30	
-116	-547	-301	5	-19	-75	-2	14	105	-45	
-109	-544	-275	6	-28	-76	0	2	109	-46	
-147	-589	-279	9	-29	-77	2	1	108	-36	
-117	-608	-263	9	-26	-73	0	-3	116	-50	
-73	-608	-244	11	-27	-69	5	-10	116	-63	
-78	-604	-250	14	-33	-70	1	-11	117	-66	
-93	-593	-220	18	-31	-59	0	-8	111	-53	
-86	-614	-224	18	-28	-53	-4	-5	105	-55	
-80	-626	-204	18	-29	-55	3	2	93	-62	
-85	-610	-174	13	-37	-55	0	9	83	-58	
-69	-603	-161	14	-45	-56	0	21	68	-36	
-43	-599	-131	11	-49	-50	-2	30	66	-48	
-49	-602	-136	9	-49	-49	-1	38	63	-34	
-21	-578	-127	12	-49	-55	-2	51	65	-34	
-15	-603	-113	9	-68	-55	-4	50	52	-30	
-4	-622	-87	11	-78	-54	-4	55	40	-40	
13	-620	-60	14	-72	-47	-3	53	43	-53	
14	-584	-52	13	-65	-46	-2	57	40	-51	
7	-371	-48	12	-66	-35	0	56	36	-61	
21	-120	-29	11	-65	-31	7	54	35	-57	
78	63	-6	12	-62	-29	8	64	35	-56	
81	193	5	12	-47	-17	4	71	34	-54	
67	281	18	15	-43	-11	6	69	31	-43	
39	314	39	15	-32	0	5	77	21	-49	
74	346	53	18	-26	1	6	86	9	-39	
156	366	53	19	-23	-3	4	98	-4	-48	
126	395	55	18	-18	1	4	103	-15	-61	
71	538	58	18	-13	12	8	106	-27	-37	
74	453	54	18	-11	7	7	116	-35	-39	
132	455	49	16	-10	15	2	126	-43	-49	
154	488	70	11	-10	16	5	129	-50	-46	
142	532	57	15	-5	15	7	130	-54	-61	
123	555	55	11	-8	14	8	133	-59	-60	
126	589	60	15	-7	21	7	121	-54	-47	
165	613	75	15	-10	26	4	113	-50	-59	
163	624	73	9	-14	25	1	96	-42	-86	
154	629	66	8	-13	26	4	90	-38	-67	
159	636	56	9	-14	27	4	73	-28	-49	
179	650	88	12	-11	24	-2	53	-18	-54	
148	636	95	15	-14	20	4	43	-9	-67	
114	648	102	11	-14	22	6	36	-5	-77	
134	651	98	14	-14	25	1	29	18	-87	
154	679	97	9	-14	18	-2	25	35	-71	
129	683	92	9	-18	7	1	11	51	-48	
116	716	95	12	-26	4	-4	5	65	-55	
155	748	91	11	-24	-5	-3	6	73	-81	
202	772	89	9	-26	-15	-4	1	71	-94	
209	799	85	11	-28	-20	-3	2	67	-71	
177	822	89	6	-28	-21	-5	-6	66	-65	
165	838	88	9	-36	-24	-2	-7	58	-69	
157	873	97	6	-39	-30	-2	-10	54	-116	
163	895	95	8	-37	-34	3	-14	48	-105	
170	905	75	6	-40	-29	1	-13	47	-103	
166	925	100	8	-44	-25	2	-17	51	-115	
163	939	98	6	-49	-24	6	-24	63	-103	
169	937	93	9	-62	-28	9	-24	73	-86	
180	936	79	9	-81	-27	9	-32	69	-79	
190	937	67	8	-91	-35	8	-41	76	-79	
186	928	88	8	-108	-41	8	-48	85	-89	
176	937	125	-1	-127	-48	4	-50	90	-96	
202	936	110	-14	-127	-66	-2	-58	90	-74	
245	940	140	-14	-141	-78	-4	-57	92	-55	
240	935	174	-2	-144	-95	-6	-52	92	-55	
229	939	191	3	-171	-130	6	-63	88	-80	
221	950	208	3	-153	-149	8	-64	94	-72	
223	965	232	6	-171	-170	2	-69	92	-47	
247	963	276	5	-168	-174	-11	-59	98	-47	
263	982	283	-7	-174	-190	-27	-66	100	-78	
259	992	284	0	-160	-200	-16	-65	107	-84	
212	984	294	14	-170	-216	-10	-71	103	-62	
213	994	303	16	-162	-214	-2	-70	100	-53	
236	990	309	5	-164	-224	-3	-67	109	-50	
200	1014	313	9	-151	-209	-3	-63	96	-61	
143	1019	310	2	-149	-209	-6	-64	90	-77	
123	1029	322	-4	-134	-212	-7	-67	84	-76	
190	1022	320	-2	-137	-197	-10	-65	80	-56	
233	1025	309	3	-132	-179	0	-65	61	-49	
222	1031	310	5	-139	-178	-1	-64	57	-65	
183	1041	304	6	-141	-174	-6	-59	49	-79	
172	1013	306	3	-142	-164	-6	-62	45	-76	
211	1010	298	1	-148	-156	-10	-63	41	-62	
222	1000	300	-2	-148	-159	-9	-59	35	-63	
202	994	296	-4	-151	-153	-3	-57	41	-57	
171	1000	296	0	-151	-148	1	-59	42	-61	
181	977	276	-1	-152	-149	3	-62	46	-68	
180	961	252	5	-147	-148	-1	-62	47	-57	
172	934	269	6	-139	-135	0	-64	53	-48	
172	926	310	11	-138	-132	1	-64	51	-46	
177	912	299	11	-141	-132	0	-68	49	-51	
169	887	266	16	-132	-127	3	-72	44	-49	
149	862	271	16	-129	-130	4	-74	48	-40	
139	840	289	18	-122	-126	2	-78	42	-42	
129	824	301	16	-118	-130	-3	-69	42	-28	
126	794	301	15	-109	-123	4	-73	41	-36	
130	774	305	14	-108	-119	-1	-77	38	-36	
131	734	324	11	-112	-120	1	-80	37	-34	
142	718	297	12	-103	-119	-2	-75	31	-23	
182	681	307	12	-102	-110	1	-80	30	-17	
151	640	331	14	-95	-110	1	-67	27	-33	
119	631	307	8	-93	-107	-2	-75	25	-24	
124	593	276	6	-91	-100	-2	-65	28	-16	
130	571	271	6	-93	-92	-1	-65	23	-7	
109	558	263	6	-88	-82	2	-61	22	-26	
140	531	264	14	-79	-79	3	-63	12	-46	
113	517	250	6	-60	-72	-1	-57	14	-39	
90	497	211	14	-53	-66	-2	-52	14	-33	
109	484	218	9	-47	-53	-2	-52	11	-33	
132	463	190	9	-31	-40	-2	-52	15	-30	
132	432	178	3	-23	-33	6	-46	7	-50	
147	439	162	8	-20	-30	1	-48	12	-53	
143	427	159	9	-16	-20	-3	-35	17	-53	
136	394	148	0	-7	-13	-4	-40	12	-33	
120	375	120	0	-11	-15	-4	-40	11	-57	
108	342	105	-1	-10	-7	-8	-33	17	-58	
104	303	91	-4	-1	3	-8	-28	11	-64	
100	279	79	-8	-4	-2	0	-30	3	-55	
114	250	56	-10	3	6	-2	-25	11	-64	
97	214	53	-10	11	6	4	-27	8	-60	
78	166	38	13	3	9	0	-24	4	-74	
80	167	31	5	-10	0	7	-23	0	-64	
92	143	14	0	-7	-2	11	-18	-11	-58	
115	121	1	5	-1	0	-1	-20	-8	-48	
134	94	5	-5	-1	0	-13	-16	-11	-59	
65	76	-9	-10	-3	-6	-6	-12	-8	-67	
65	74	-59	2	1	-6	8	-14	-8	-73	
102	55	-65	15	10	-6	19	-12	-11	-69	
118	37	-77	18	12	-10	17	-14	-12	-59	
144	13	-126	18	15	-5	13	-5	-6	-67	
117	-24	-80	14	14	-4	8	-5	1	-65	
68	-32	-113	6	23	1	1	-1	0	-69	
104	-50	-144	9	16	-2	-6	-1	4	-64	
172	-98	-135	11	5	-13	-6	2	6	-67	
199	-138	-147	15	-4	-19	-3	-5	4	-55	
173	-152	-146	8	-11	-25	-5	1	5	-50	
85	-192	-138	12	-13	-31	-5	-6	8	-49	
47	-233	-144	-2	-16	-23	-9	3	12	-55	
73	-246	-169	-4	-22	-25	-6	2	13	-59	
119	-266	-185	-7	-20	-21	-2	-6	11	-43	
123	-296	-198	0	-25	-20	-2	-4	16	-56	
98	-287	-231	3	-21	-9	-3	-3	25	-51	
83	-296	-249	8	-12	5	1	-4	21	-52	
89	-306	-259	9	2	27	-5	-3	27	-34	
92	-311	-263	6	16	38	-6	-1	44	-27	
89	-297	-279	2	33	55	-6	5	61	-35	
90	-288	-287	12	46	73	3	10	90	-24	
109	-281	-278	11	51	81	6	16	116	-7	
132	-257	-292	12	63	76	6	24	143	-7	
128	-249	-291	8	77	84	3	33	169	-11	
82	-240	-278	3	88	90	-4	39	201	-7	
60	-241	-279	2	85	83	-10	48	236	10	
120	-239	-285	3	82	73	-10	60	262	13	
108	-234	-290	-1	89	73	-9	63	282	23	
54	-240	-279	5	95	66	-6	74	308	39	
61	-232	-284	5	90	56	-7	83	342	59	
120	-233	-291	-4	85	44	-4	97	372	95	
109	-215	-294	-14	83	38	-2	113	410	122	
41	-198	-284	-14	91	28	-2	136	451	126	
35	-192	-299	-8	94	24	-5	144	494	126	
102	-171	-306	-5	89	23	3	160	521	130	
107	-148	-306	-1	89	24	9	171	554	158	
36	-131	-306	-1	90	26	5	188	584	136	
36	-120	-293	2	99	25	7	195	613	85	
95	-101	-292	-1	98	23	8	204	625	64	
91	-98	-301	0	100	18	12	205	649	139	
60	-81	-297	-1	100	12	5	216	673	205	
38	-71	-285	-1	97	-6	1	222	701	203	
58	-57	-283	2	88	-14	0	243	725	154	
76	-57	-274	8	88	-30	0	235	747	140	
49	-56	-263	2	79	-36	-3	264	767	161	
35	-58	-247	5	72	-47	-3	263	792	208	
47	-60	-232	3	62	-65	-5	279	824	186	
51	-66	-234	0	55	-87	3	275	843	177	
38	-66	-231	-7	45	-98	-1	292	865	184	
20	-70	-229	-5	37	-107	-8	288	873	226	
10	-53	-218	-8	23	-128	-10	294	887	215	
10	-53	-202	-4	20	-133	-10	307	891	190	
13	-45	-195	3	15	-131	-6	316	902	159	
19	-40	-183	6	6	-139	-6	327	910	157	
20	-28	-177	2	-9	-132	-10	342	916	163	
30	-26	-171	6	-15	-141	-4	364	915	173	
31	-20	-157	0	-18	-142	-2	387	924	177	
23	-12	-151	-2	-21	-136	-2	390	925	200	
21	-4	-147	-2	-34	-150	-3	398	918	219	
42	6	-140	2	-52	-146	-2	411	919	186	
34	20	-121	3	-53	-140	-6	414	918	150	
20	8	-105	3	-61	-152	-6	436	934	142	
4	7	-96	0	-72	-147	-6	444	930	175	
19	1	-80	3	-75	-144	-4	446	935	205	
53	-5	-64	8	-80	-149	-7	445	951	194	
47	-11	-57	8	-94	-162	-3	447	938	182	
8	-14	-54	5	-100	-164	-2	462	946	201	
-13	-26	-48	0	-89	-165	-5	473	950	235	
-13	-34	-44	0	-99	-176	-3	465	953	238	
33	-39	-37	2	-98	-179	-5	473	952	228	
61	-57	-25	-1	-84	-178	-2	470	940	233	
48	-55	-23	2	-81	-175	-1	478	936	261	
-15	-50	-22	2	-81	-182	-5	484	935	265	
-47	-57	-21	2	-75	-179	-2	474	918	248	
-37	-49	-24	3	-72	-167	0	485	891	227	
31	-45	-30	6	-65	-156	0	505	878	225	
72	-47	-22	2	-60	-156	0	520	864	247	
43	-39	-14	-1	-53	-154	-3	516	858	236	
6	-26	-10	-4	-43	-147	-2	534	842	236	
6	-20	-2	-5	-42	-144	0	539	822	250	
34	-21	-1	-8	-38	-141	-1	543	813	226	
34	-13	4	-1	-32	-131	6	548	800	217	
32	-16	6	1	-25	-127	4	569	785	255	
50	-26	14	-1	-23	-117	2	571	797	270	
66	-34	33	-1	-17	-111	1	567	792	253	
48	-50	53	-1	-15	-105	4	573	778	279	
33	-76	72	2	-7	-98	5	570	796	290	
29	-94	85	5	-5	-91	4	552	790	269	
14	-106	90	11	-2	-82	3	545	789	261	
23	-117	98	11	5	-77	4	531	783	226	
43	-140	104	9	7	-65	-2	528	783	248	
63	-153	116	9	7	-52	-2	516	778	273	
71	-151	124	9	9	-55	2	524	769	235	
44	-151	129	11	7	-46	-3	524	750	218	
27	-165	137	12	7	-38	4	520	737	221	
37	-161	144	15	5	-22	3	526	734	246	
50	-150	138	16	9	-20	5	524	718	257	
53	-138	132	16	11	-15	1	527	690	265	
44	-133	126	15	13	4	-2	549	651	226	
37	-140	113	9	13	7	3	549	643	226	
65	-122	98	6	14	4	0	551	631	231	
80	-106	84	9	6	13	0	549	597	251	
57	-104	82	3	3	11	0	550	572	230	
38	-111	89	6	-3	5	-4	541	569	182	
39	-107	86	-1	-3	10	-6	527	544	163	
65	-105	98	6	-3	9	-6	509	549	256	
96	-98	102	8	3	4	0	504	544	282	
92	-114	110	15	8	13	2	468	568	215	
73	-126	102	16	14	28	7	454	547	194	
53	-128	96	19	20	34	5	446	534	202	
58	-129	83	12	26	32	1	446	524	234	
42	-123	63	11	26	34	2	440	519	218	
15	-117	54	12	24	32	-2	417	482	177	
15	-118	36	5	17	24	2	414	469	192	
62	-121	34	8	12	12	9	415	447	208	
66	-105	37	8	5	6	-5	411	434	221	
39	-97	39	6	3	-6	-5	390	427	179	
20	-83	38	6	1	-12	-6	381	406	144	
26	-77	33	9	3	-17	-2	369	406	184	
64	-74	22	5	-4	-26	3	360	407	204	
57	-58	15	3	-3	-27	-5	346	407	166	
30	-44	8	2	-3	-34	3	334	398	133	
25	-33	-10	-1	-5	-38	3	315	389	176	
54	-36	-13	-4	-6	-35	1	306	384	199	
63	-42	-20	2	-7	-36	-1	295	377	160	
53	-52	-23	0	-9	-34	-5	281	347	81	
57	-51	-25	5	-11	-31	-1	265	324	100	
72	-48	-27	6	-11	-34	-2	253	275	124	
75	-53	-23	0	-14	-38	-2	237	250	89	
57	-50	-30	5	-14	-39	1	229	215	76	
29	-56	-31	3	-14	-40	1	222	163	81	
35	-56	-35	-1	-15	-43	3	216	137	122	
44	-51	-29	0	-18	-49	1	197	140	109	
23	-40	-43	2	-26	-49	-2	192	134	63	
36	-22	-43	2	-26	-46	3	182	104	60	
43	-19	-43	3	-34	-50	-5	164	77	45	
48	-15	-53	5	-31	-52	-3	147	61	62	
39	-17	-54	3	-35	-53	-6	134	33	59	
62	-17	-68	3	-40	-52	-7	131	2	63	
77	-7	-81	9	-44	-55	-3	126	-40	31	
50	-6	-80	3	-40	-49	1	118	-92	40	
48	7	-86	-1	-39	-47	6	116	-135	20	
52	16	-79	2	-38	-45	1	95	-157	-12	
67	9	-72	5	-35	-39	-3	97	-200	-34	
63	5	-68	3	-30	-35	-5	78	-233	-42	
31	-6	-68	5	-31	-31	-6	64	-254	-39	
27	-23	-67	6	-32	-28	-2	44	-254	-17	
39	-27	-58	8	-31	-24	-4	28	-281	-14	
42	-28	-53	3	-25	-24	-6	12	-309	-44	
33	-21	-49	5	-22	-22	-6	-2	-322	-63	
27	-14	-53	3	-19	-19	-1	-13	-343	-49	
40	-13	-57	5	-16	-21	3	-25	-374	-30	
52	-23	-58	3	-11	-22	-2	-31	-402	-67	
54	-33	-55	5	-5	-19	-2	-23	-451	-97	
67	-41	-58	1	-3	-15	-4	-35	-488	-114	
64	-47	-63	5	5	-9	-3	-33	-529	-81	
63	-49	-55	0	9	-3	-3	-37	-567	-95	
66	-52	-50	6	18	0	-1	-41	-606	-110	
83	-42	-48	8	19	9	5	-46	-632	-96	
98	-43	-45	6	24	12	3	-44	-675	-96	
84	-46	-40	5	33	19	4	-55	-697	-132	
41	-51	-34	3	47	25	3	-66	-727	-94	
30	-60	-27	5	58	38	1	-75	-734	-52	
36	-71	-25	5	67	44	1	-79	-747	-103	
38	-86	-16	9	74	42	1	-94	-754	-134	
42	-95	-3	11	77	57	0	-106	-774	-119	
39	-100	0	12	88	67	8	-96	-778	-95	
34	-100	13	9	106	75	0	-96	-811	-132	
30	-93	16	9	106	70	-1	-100	-819	-160	
36	-86	24	8	111	74	3	-106	-844	-157	
36	-96	25	5	124	80	-1	-96	-866	-116	
36	-97	26	6	133	80	-1	-84	-883	-130	
34	-92	27	8	132	82	5	-88	-901	-166	
58	-101	32	6	131	72	7	-87	-914	-147	
51	-105	27	6	136	66	9	-93	-925	-125	
49	-100	22	6	149	72	0	-91	-933	-114	
67	-107	30	3	148	73	-1	-98	-958	-137	
67	-98	38	3	147	78	-8	-92	-962	-160	
49	-94	40	5	161	79	-6	-96	-971	-165	
59	-96	43	12	167	80	-6	-93	-978	-152	
57	-87	44	15	163	77	4	-95	-990	-143	
60	-81	48	14	169	73	8	-93	-980	-161	
45	-92	61	8	180	83	4	-102	-990	-155	
31	-90	64	6	182	85	3	-115	-987	-137	
47	-95	72	5	178	91	0	-123	-987	-130	
47	-103	79	5	179	86	3	-137	-991	-173	
39	-115	85	12	170	91	5	-141	-992	-235	
13	-114	100	13	175	86	5	-145	-1000	-258	
9	-116	104	12	172	83	8	-156	-1021	-250	
30	-118	101	12	170	82	10	-161	-1048	-251	
34	-112	106	6	163	74	13	-178	-1077	-240	
15	-107	123	2	156	66	10	-197	-1102	-242	
15	-95	114	2	157	63	10	-215	-1133	-237	
22	-80	162	6	153	51	14	-219	-1148	-234	
32	-82	137	8	145	53	15	-230	-1155	-234	
36	-76	128	6	146	48	11	-238	-1169	-215	
30	-77	153	9	146	46	9	-243	-1187	-221	
36	-73	151	8	143	50	5	-243	-1185	-242	
40	-58	158	14	144	41	4	-241	-1180	-259	
47	-64	141	13	147	38	3	-247	-1192	-247	
50	-57	136	12	147	40	-1	-246	-1186	-237	
48	-49	136	14	147	38	-2	-252	-1175	-247	
46	-52	128	6	146	45	-2	-245	-1172	-267	
45	-45	123	-2	151	51	-6	-258	-1173	-265	
47	-43	134	2	151	50	-6	-268	-1171	-241	
57	-41	125	8	155	59	-3	-262	-1158	-200	
50	-46	124	19	146	63	4	-272	-1154	-195	
50	-43	120	22	146	61	11	-270	-1133	-211	
53	-40	125	15	142	68	3	-276	-1128	-218	
43	-40	129	5	143	77	-15	-293	-1106	-166	
30	-42	130	1	137	78	-20	-303	-1086	-151	
19	-34	123	-4	133	74	-12	-297	-1069	-182	
12	-24	114	3	125	76	-6	-294	-1040	-212	
27	-27	98	8	127	67	-4	-305	-1019	-162	
20	-23	86	9	125	72	4	-313	-1004	-120	
7	-19	94	3	129	74	1	-314	-976	-183	
6	-8	87	5	135	82	-8	-307	-959	-231	
11	-6	75	2	131	85	-11	-299	-924	-180	
10	2	64	12	130	90	-4	-306	-920	-153	
37	3	60	16	128	79	-6	-317	-882	-190	
13	7	48	19	125	75	-4	-302	-842	-200	
27	12	41	16	124	77	-5	-294	-819	-158	
15	17	38	9	131	73	-6	-290	-806	-148	
2	20	40	3	125	75	-2	-299	-761	-122	
-4	20	31	5	123	70	1	-286	-726	-140	
11	24	27	8	111	66	2	-275	-723	-151	
17	28	28	11	106	57	4	-282	-690	-146	
21	33	22	18	95	55	4	-275	-665	-136	
21	40	14	11	95	65	1	-269	-626	-142	
30	44	11	9	96	60	-1	-276	-601	-163	
27	47	9	3	90	67	1	-281	-593	-163	
27	44	2	3	74	69	4	-276	-558	-158	
34	50	-3	5	71	68	11	-271	-521	-188	
37	59	-13	8	74	69	10	-268	-492	-178	
37	55	-20	5	73	69	6	-259	-459	-123	
40	56	-24	2	63	79	-2	-252	-419	-130	
33	53	-29	2	60	78	-1	-243	-368	-131	
36	54	-36	3	68	83	-5	-226	-346	-114	
40	50	-48	5	63	82	-3	-220	-296	-140	
43	47	-51	2	53	79	1	-206	-266	-127	
60	48	-51	-1	51	85	3	-203	-238	-148	
53	38	-50	-4	58	81	-1	-205	-186	-156	
40	29	-49	-4	57	74	2	-194	-163	-92	
43	27	-50	-4	47	70	1	-192	-137	-129	
57	18	-59	11	38	70	4	-190	-125	-173	
75	14	-63	26	26	66	6	-178	-107	-115	
51	15	-80	16	29	45	12	-178	-89	-82	
41	21	-66	6	13	45	3	-175	-80	-73	
48	25	-78	-5	11	54	-2	-156	-86	-94	
83	24	-85	-8	7	62	-5	-153	-61	-80	
66	27	-106	-11	8	60	3	-139	-50	-95	
53	42	-109	-1	-9	49	6	-128	-22	-95	
50	39	-121	16	-2	63	4	-123	3	-90	
52	44	-136	18	-8	64	-8	-100	22	-67	
69	42	-145	15	-1	78	-16	-87	79	-100	
88	48	-155	8	-16	101	-21	-70	112	-93	
96	46	-161	6	-6	111	-21	-80	168	-76	
98	40	-174	1	-20	101	-17	-70	210	-53	
113	38	-184	3	-30	90	-6	-80	250	-51	
103	37	-191	5	-51	96	-4	-64	293	-53	
82	37	-189	0	-50	84	-4	-66	311	-48	
82	30	-178	-4	-60	93	-8	-37	337	-47	
111	25	-190	-7	-72	102	-13	-36	361	-45	
111	23	-204	-7	-79	99	-7	-28	370	-44	
87	23	-208	0	-83	101	0	-19	397	-80	
81	22	-218	6	-93	105	12	-18	407	-119	
79	25	-233	6	-92	105	16	-14	431	-166	
70	31	-235	5	-83	99	9	-9	441	-192	
57	21	-250	2	-90	91	-3	4	458	-157	
64	10	-260	-2	-80	85	-2	7	454	-105	
62	-3	-276	0	-76	78	-2	23	452	-46	
63	-22	-284	11	-73	53	-2	30	449	-57	
59	-46	-300	9	-85	49	-5	35	453	-82	
54	-66	-313	2	-85	39	-10	37	437	-87	
54	-93	-322	-1	-85	25	-12	36	446	-117	
55	-116	-329	-5	-79	17	-13	30	449	-120	
38	-136	-344	-4	-86	5	-11	24	457	-106	
27	-167	-338	0	-86	1	-6	20	466	-103	
18	-190	-340	9	-93	-5	-5	17	476	-108	
10	-219	-346	11	-90	-9	2	9	428	-118	
-20	-252	-349	2	-77	-5	1	11	427	-113	
-47	-289	-361	-5	-67	4	2	18	428	-134	
-56	-324	-392	-5	-61	5	6	25	425	-90	
-55	-349	-405	-4	-61	-2	8	33	416	-106	
-74	-379	-429	-4	-63	0	12	33	416	-95	
-85	-409	-442	-1	-66	0	8	38	412	-78	
-86	-426	-456	-5	-63	0	2	38	411	-72	
-86	-443	-460	-5	-69	-13	-7	36	416	-94	
-86	-457	-456	-7	-67	-22	-16	43	397	-106	
-84	-472	-458	-1	-70	-29	-7	44	396	-72	
-96	-473	-468	-2	-69	-42	-6	36	389	-33	
-104	-495	-469	3	-59	-52	1	36	373	-94	
-103	-517	-479	-1	-47	-49	4	42	374	-136	
-114	-526	-486	2	-38	-48	1	44	353	-111	
-139	-560	-495	-1	-28	-45	-6	44	346	-35	
-146	-580	-495	3	-18	-48	-8	48	324	-28	
-164	-602	-495	9	-12	-44	-5	56	315	-76	
-168	-616	-497	15	-11	-38	-3	61	308	-137	
-187	-635	-491	14	-4	-35	-4	57	298	-75	
-191	-643	-488	6	3	-33	-2	54	280	-14	
-197	-658	-487	3	6	-31	-2	63	265	-44	
-201	-677	-489	1	5	-32	-2	78	252	-118	
-199	-692	-496	-5	0	-32	-2	84	233	-99	
-181	-696	-501	-7	-7	-30	-2	76	210	-23	
-182	-712	-499	-2	-4	-35	-3	76	190	-3	
-199	-725	-500	-2	-1	-38	-4	86	172	-54	
-201	-739	-508	1	3	-39	-8	89	163	-109	
-204	-744	-492	5	8	-33	-2	90	139	-62	
-218	-752	-492	8	15	-32	3	85	114	14	
-233	-779	-467	9	18	-25	3	84	96	17	
-186	-736	-403	9	29	-13	4	83	76	-46	
-215	-820	-473	8	54	-4	8	103	74	-85	
-242	-847	-477	8	69	3	10	108	56	-58	
-239	-852	-461	15	76	8	9	113	57	-11	
-252	-898	-436	16	92	10	7	106	48	2	
-262	-908	-430	18	100	10	5	107	40	-46	
-237	-914	-421	19	97	9	4	114	24	-73	
-184	-932	-405	19	113	3	-3	150	16	-62	
-195	-928	-391	16	114	-3	-7	157	5	-24	
-258	-940	-370	12	106	-10	-7	161	-11	-11	
-271	-948	-358	9	123	-15	-7	155	-41	-18	
-196	-966	-337	8	123	-17	-9	165	-61	-72	
-169	-849	-292	9	116	-9	-6	197	-57	-74	
-287	-1052	-395	11	131	-10	-6	163	-72	-40	
-289	-1038	-346	9	144	-1	-1	180	-110	-4	
-215	-985	-326	9	140	6	-3	181	-121	-40	
-209	-959	-334	6	158	14	3	187	-120	-83	
-256	-965	-322	12	169	30	5	180	-127	-63	
-272	-986	-321	12	172	35	8	183	-133	-60	
-240	-991	-326	13	189	46	10	181	-136	-38	
-243	-708	-294	12	181	48	8	191	-124	14	
-267	-1042	-339	15	184	46	4	170	-125	32	
-273	-1066	-303	11	191	46	4	167	-140	-49	
-240	-1074	-300	11	183	47	-1	166	-133	-119	
-219	-1040	-289	12	183	39	-2	165	-124	-93	
-233	-1000	-287	12	184	29	-3	167	-133	-41	
-250	-983	-305	12	178	32	1	159	-128	-23	
-246	-973	-275	11	173	20	0	166	-117	-33	
-246	-956	-266	12	177	13	-1	165	-115	-40	
-247	-930	-278	5	183	13	-2	158	-119	-47	
-228	-892	-273	11	180	16	-6	154	-119	-50	
-241	-860	-278	11	170	15	-9	148	-114	-63	
-244	-850	-288	15	165	17	2	150	-102	-69	
-245	-823	-301	22	169	19	9	144	-95	-67	
-245	-773	-305	16	168	20	4	149	-105	-53	
-223	-778	-301	11	168	29	5	142	-103	-25	
-210	-749	-300	11	164	32	2	137	-92	-12	
-208	-731	-320	8	154	33	6	125	-85	-28	
-249	-693	-317	8	145	29	3	129	-78	-69	
-252	-663	-323	9	134	23	14	125	-73	-94	
-197	-655	-342	12	128	16	13	124	-64	-94	
-186	-636	-344	5	123	4	6	128	-56	-68	
-241	-625	-345	0	121	3	-2	123	-40	-60	
-246	-625	-338	0	120	-2	-2	112	-19	-55	
-229	-619	-318	3	116	-7	1	105	-13	-56	
-193	-608	-319	9	110	-12	6	95	-10	-66	
-165	-613	-314	9	104	-16	4	73	1	-71	
-193	-599	-326	9	94	-23	1	74	17	-150	
-224	-591	-320	3	93	-27	-6	58	38	-162	
-236	-587	-333	6	90	-20	-8	62	46	-137	
-196	-571	-345	9	84	-23	-3	58	45	-79	
-173	-561	-342	8	83	-25	3	50	57	-98	
-210	-562	-345	9	76	-28	3	44	60	-129	
-200	-599	-342	12	60	-28	2	52	72	-131	
-176	-602	-349	8	52	-29	1	44	80	-86	
-144	-578	-349	-1	49	-26	-6	35	85	-53	
-167	-567	-346	-2	44	-26	-20	31	85	-74	
-193	-557	-358	-2	22	-35	-2	17	100	-90	
-163	-564	-345	5	7	-36	1	11	102	-91	
-149	-558	-351	3	5	-42	-5	10	116	-94	
-157	-558	-339	0	-10	-45	-7	13	121	-114	
-146	-535	-316	0	-16	-45	-9	7	123	-130	
-133	-560	-316	-2	-17	-52	-10	18	116	-118	
-133	-566	-306	-1	-32	-59	-11	14	123	-96	
-142	-532	-311	-1	-45	-65	-7	15	130	-74	
-129	-547	-297	-1	-46	-66	-6	20	134	-42	
-129	-537	-290	0	-57	-74	3	22	135	-45	
-119	-552	-274	3	-49	-68	-9	17	125	-47	
-138	-542	-260	6	-61	-77	-7	22	121	-47	
-89	-530	-290	12	-64	-71	-7	22	122	-57	
-69	-581	-234	9	-59	-75	-5	19	122	-87	
-78	-564	-244	11	-68	-71	-2	21	111	-99	
-87	-555	-218	9	-72	-78	-2	22	105	-86	
-62	-559	-212	6	-62	-71	-3	25	112	-71	
-50	-539	-201	8	-65	-72	4	32	105	-69	
-54	-604	-159	8	-72	-71	-2	46	85	-54	
-40	-581	-147	9	-66	-68	4	53	82	-40	
-26	-609	-114	6	-65	-64	4	65	82	-50	
-7	-617	-116	9	-66	-58	3	65	80	-38	
-2	-610	-104	9	-72	-56	-2	77	78	-45	
-11	-606	-93	6	-68	-56	1	85	72	-47	
-11	-592	-76	2	-59	-55	4	83	57	-37	
13	-603	-47	-1	-56	-43	8	86	48	-44	
36	-473	-36	3	-53	-48	5	85	38	-58	
40	-207	-22	5	-51	-40	6	81	33	-62	
48	-42	3	3	-38	-33	5	85	32	-65	
74	73	26	9	-26	-27	2	99	27	-51	
71	181	31	9	-23	-25	2	105	27	-43	
70	244	44	5	-13	-17	6	112	14	-47	
69	284	57	5	-2	-10	4	112	3	-56	
93	309	59	3	3	-2	3	123	-7	-59	
110	340	77	3	8	7	8	124	-20	-38	
77	363	72	5	11	14	1	137	-28	-38	
60	396	75	3	15	22	4	145	-46	-44	
99	518	69	14	16	36	3	146	-54	-58	
145	464	65	12	19	55	-2	150	-57	-52	
138	484	74	13	28	64	-1	153	-54	-39	
118	494	59	15	27	68	-1	159	-65	-40	
129	534	65	14	32	83	1	142	-61	-64	
149	561	72	12	25	85	4	135	-61	-64	
157	581	88	5	24	83	0	120	-63	-57	
148	586	90	5	18	89	4	103	-57	-66	
150	605	80	8	14	80	-3	91	-41	-46	
159	617	90	8	8	73	-2	76	-30	-10	
155	617	92	9	2	73	-2	61	-27	-34	
116	612	101	6	-2	68	0	58	-19	-17	
107	627	107	3	-2	61	0	47	-10	-4	
154	649	101	8	-10	54	3	42	13	-40	
154	667	95	5	-13	43	3	33	24	-101	
133	688	93	5	-17	35	-4	24	49	-92	
122	724	92	2	-20	26	-4	15	66	-48	
142	757	90	0	-21	17	-2	6	77	-37	
196	792	91	6	-22	7	-6	2	78	-69	
198	817	77	9	-21	-3	-6	-1	75	-73	
162	829	75	5	-21	-5	-5	-1	70	-84	
157	870	81	6	-26	-11	-4	-7	63	-60	
169	888	89	2	-26	-12	-6	-11	61	-60	
169	911	95	5	-34	-18	-5	-14	60	-66	
154	922	95	5	-41	-25	1	-17	46	-76	
156	934	87	3	-49	-37	3	-20	50	-92	
179	937	78	5	-62	-35	0	-29	54	-94	
172	936	85	8	-73	-40	5	-32	74	-59	
170	935	93	5	-95	-38	4	-40	75	-53	
163	930	92	-10	-105	-42	1	-43	86	-66	
180	951	95	-18	-112	-45	-2	-51	90	-90	
193	942	112	-12	-135	-57	-5	-51	93	-140	
229	932	120	-7	-154	-82	-2	-61	94	-171	
246	938	143	-5	-162	-100	8	-63	107	-118	
230	938	162	-4	-174	-118	9	-63	96	-47	
217	941	185	-2	-196	-129	6	-65	98	1	
223	948	209	-4	-187	-139	-7	-68	102	-7	
243	967	237	-12	-194	-146	-13	-75	102	-51	
260	987	251	-15	-201	-163	-11	-68	102	-76	
213	998	267	-7	-199	-179	-10	-76	101	-63	
201	1025	244	-1	-199	-196	-2	-72	102	-40	
242	1015	303	6	-196	-205	4	-81	116	-53	
282	1015	323	9	-181	-206	0	-88	114	-65	
219	1016	312	0	-169	-212	-12	-76	116	-71	
157	1005	326	-1	-158	-209	-16	-75	124	-91	
184	1011	327	-5	-156	-212	-10	-80	120	-118	
193	1022	330	-2	-158	-206	-3	-78	109	-90	
202	1028	336	-2	-159	-214	-2	-77	103	-46	
181	1019	327	0	-157	-216	-6	-77	99	-33	
179	1024	320	-8	-160	-205	-9	-76	82	-52	
194	1060	308	-12	-166	-197	-13	-73	67	-75	
193	1021	305	-14	-167	-197	-13	-77	62	-82	
194	993	307	-5	-170	-187	-10	-78	62	-76	
206	1003	304	-1	-170	-180	-3	-72	54	-60	
216	994	306	-5	-172	-176	2	-76	49	-81	
207	1003	301	-5	-166	-166	2	-75	56	-81	
177	987	286	-4	-163	-157	1	-72	55	-70	
177	967	282	-5	-156	-148	-1	-69	54	-48	
182	952	281	-1	-151	-139	-4	-75	56	-39	
172	935	286	5	-154	-134	2	-68	55	-52	
158	947	289	12	-139	-128	6	-71	53	-57	
164	904	291	15	-148	-136	4	-82	53	-41	
175	852	289	12	-143	-125	4	-75	51	-34	
179	848	293	8	-135	-117	4	-75	47	-35	
138	818	307	5	-132	-122	-1	-74	40	-43	
106	779	301	11	-125	-120	-2	-79	31	-32	
134	750	312	11	-118	-115	-3	-73	27	-34	
137	729	322	11	-116	-120	-2	-75	24	-22	
140	702	323	9	-103	-111	-2	-81	24	-31	
149	668	334	14	-102	-117	-7	-83	18	-34	
141	610	331	6	-98	-103	-5	-79	14	-33	
116	602	324	6	-89	-101	-6	-82	12	-30	
123	576	318	6	-82	-88	-2	-73	9	-26	
149	547	327	3	-73	-82	-6	-74	6	-30	
126	531	304	12	-70	-66	-6	-64	5	-39	
132	508	275	14	-54	-59	-5	-61	2	-33	
132	493	271	14	-34	-51	-4	-66	6	-36	
91	475	255	8	-33	-20	-4	-58	5	-39	
113	471	239	5	-17	-19	-2	-57	5	-36	
126	452	223	5	-7	-16	4	-56	-1	-40	
116	414	209	0	-4	1	4	-53	2	-36	
145	433	183	1	6	7	3	-54	4	-36	
143	431	165	-7	8	13	-3	-49	2	-40	
129	409	152	-4	12	19	-8	-48	3	-50	
117	391	124	-1	15	17	-7	-48	6	-60	
108	362	113	-2	15	27	-6	-43	7	-50	
117	321	103	-2	23	27	-2	-43	7	-48	
100	300	88	-5	19	27	-2	-38	7	-55	
98	270	66	-11	23	25	1	-45	8	-59	
105	238	66	-18	37	20	-2	-38	11	-70	
88	160	36	-23	31	19	-2	-41	10	-66	
69	169	32	-7	32	13	-3	-36	4	-71	
81	146	17	3	23	-3	10	-32	-6	-60	
115	141	8	3	17	-16	3	-29	-5	-58	
120	115	9	2	8	-25	-5	-35	-9	-59	
72	84	-6	-5	20	-15	-15	-29	-15	-69	
82	85	-31	-8	20	-18	-13	-30	-14	-65	
85	78	-56	-8	21	-13	-5	-25	-11	-54	
65	58	-76	9	16	-19	14	-30	-11	-25	
119	34	-114	16	23	-22	20	-27	-9	4	
100	-8	-101	15	23	-25	14	-25	-4	-50	
77	-6	-111	15	29	-18	6	-24	9	-90	
107	-23	-138	12	25	-13	-1	-18	14	-83	
93	-52	-146	5	17	-15	-6	-18	16	-54	
103	-100	-140	9	14	-19	-7	-20	23	-49	
145	-122	-150	9	-4	-30	-3	-17	23	-63	
135	-169	-156	3	-10	-37	-2	-17	17	-57	
114	-212	-151	-1	-17	-38	-2	-19	24	-46	
127	-238	-171	-8	-13	-38	-8	-16	24	-45	
100	-254	-184	-14	-23	-35	-8	-18	23	-46	
53	-302	-191	-5	-22	-29	-8	-14	23	-42	
75	-290	-212	-5	-27	-30	0	-16	28	-49	
113	-294	-242	-1	-19	-28	4	-18	24	-41	
110	-305	-260	0	-12	-16	4	-17	33	-45	
78	-297	-282	-1	1	-5	0	-13	44	-28	
81	-280	-301	-4	11	10	0	-4	59	-17	
82	-267	-305	-5	28	27	-1	7	92	-11	
112	-263	-293	2	37	38	3	16	117	-14	
132	-249	-307	11	55	45	4	26	148	-14	
131	-233	-302	3	58	43	3	44	178	6	
103	-221	-297	5	74	41	-3	55	197	13	
89	-233	-309	-1	83	33	4	67	222	16	
106	-226	-310	-1	86	29	-13	71	244	13	
112	-224	-317	-2	81	18	-7	73	272	16	
68	-231	-301	-1	86	15	-16	82	297	43	
67	-239	-291	-2	96	12	-13	83	333	76	
113	-240	-300	-4	102	14	-18	103	366	106	
123	-225	-297	-7	106	8	-15	107	399	132	
72	-214	-290	-7	92	9	-10	127	445	129	
46	-210	-301	-4	98	12	-6	142	489	123	
86	-194	-323	-5	104	8	-2	157	524	157	
114	-176	-329	-7	110	13	-3	168	561	161	
50	-158	-326	-10	107	15	-1	182	595	130	
39	-146	-315	-10	109	17	-10	189	624	151	
87	-126	-316	-10	110	23	-7	200	643	158	
110	-115	-314	-4	111	27	-4	208	665	164	
70	-101	-318	1	111	20	-1	220	679	166	
46	-84	-315	2	107	12	-2	228	695	155	
72	-81	-318	-7	102	6	-6	241	710	152	
83	-63	-323	-2	94	1	-9	255	723	123	
63	-56	-313	-4	88	-5	-11	263	742	93	
39	-50	-301	-4	81	-11	-6	271	758	137	
54	-65	-286	-4	72	-10	-5	273	777	212	
64	-64	-284	-4	62	-21	2	270	803	214	
46	-63	-283	3	60	-35	0	275	833	199	
30	-73	-262	-1	47	-44	-2	277	853	212	
13	-63	-255	-7	43	-58	-2	284	870	209	
25	-64	-246	-7	31	-76	-2	285	889	207	
28	-54	-242	-8	27	-83	-6	299	907	169	
23	-49	-234	2	17	-98	-7	308	934	153	
20	-27	-218	1	3	-116	-2	312	948	167	
15	-30	-206	-4	-4	-125	4	331	958	162	
23	-30	-190	-7	-10	-131	12	348	971	140	
33	-19	-172	-2	-8	-153	12	350	976	139	
37	-10	-178	-5	-20	-167	14	364	973	172	
47	0	-176	-7	-30	-189	8	377	963	203	
34	22	-173	-7	-34	-194	6	403	968	189	
13	18	-155	-5	-30	-210	-8	410	966	171	
10	18	-139	2	-42	-214	-13	437	958	175	
46	19	-111	0	-52	-217	-11	433	969	172	
78	24	-102	2	-54	-223	-10	433	969	142	
53	24	-97	-2	-50	-230	-12	441	958	131	
10	14	-90	-2	-56	-221	-11	462	959	179	
-4	2	-91	-8	-62	-221	-9	450	970	229	
17	-8	-85	-1	-60	-219	-7	452	968	224	
56	-8	-73	-1	-63	-196	-9	453	971	232	
51	-17	-62	0	-62	-186	-10	453	976	231	
44	-28	-48	3	-69	-183	-8	457	963	255	
17	-27	-40	2	-63	-159	-7	449	967	254	
-7	-35	-48	-2	-60	-149	-7	452	956	208	
-20	-31	-53	-5	-63	-139	-7	449	938	172	
13	-23	-50	-8	-66	-137	-9	451	937	207	
42	-21	-43	-10	-77	-131	-3	459	926	237	
35	-20	-37	-7	-73	-133	3	459	930	200	
9	-15	-30	-8	-65	-123	2	467	915	216	
-11	-7	-32	-5	-60	-121	-2	483	891	226	
-4	-5	-33	-2	-59	-113	-5	495	879	213	
15	-4	-37	-2	-56	-110	0	512	857	206	
38	-5	-40	-2	-53	-114	-5	537	838	237	
53	-13	-28	-4	-58	-127	-2	538	836	239	
60	-17	-13	-8	-60	-134	-2	551	817	249	
54	-22	2	-5	-57	-144	-5	566	798	295	
42	-38	30	-4	-54	-152	-5	562	791	276	
29	-56	48	-5	-50	-154	-3	553	778	231	
17	-55	67	3	-46	-153	-1	555	777	224	
43	-60	70	8	-35	-141	1	530	769	217	
63	-72	81	9	-32	-133	3	533	763	263	
63	-89	91	12	-19	-121	2	521	756	252	
63	-92	101	15	-11	-114	4	534	756	225	
50	-98	106	19	-3	-97	4	534	741	208	
34	-116	125	18	1	-90	12	535	728	209	
30	-130	139	22	2	-79	23	541	725	251	
44	-132	148	15	3	-68	17	544	719	262	
49	-134	151	18	3	-51	14	535	691	242	
48	-147	167	16	1	-42	11	544	656	211	
39	-162	163	12	1	-35	5	528	647	210	
58	-163	156	5	2	-29	8	542	631	199	
70	-154	152	6	-6	-24	-2	546	597	225	
50	-154	148	8	-5	-28	-2	549	573	211	
51	-154	141	2	-2	-28	-3	558	555	194	
56	-164	152	-7	-5	-22	-5	558	513	198	
53	-143	154	-11	2	-20	-10	558	495	258	
46	-138	162	-4	5	-19	-9	555	492	259	
30	-141	159	-1	9	-10	-6	515	495	207	
53	-143	154	11	20	2	-8	509	469	190	
63	-146	147	15	29	7	-3	507	457	180	
68	-138	138	15	36	22	-3	500	440	196	
64	-128	119	13	43	41	-6	493	421	210	
48	-128	105	14	54	45	-1	481	386	185	
40	-132	91	14	62	55	7	474	377	199	
41	-130	84	14	59	54	7	468	360	217	
36	-123	77	12	63	56	7	461	350	216	
23	-118	77	11	50	61	6	438	347	178	
27	-109	78	8	43	49	-4	429	356	155	
54	-106	84	8	31	43	-2	402	360	182	
60	-104	85	8	25	46	-5	391	366	181	
15	-105	83	9	18	33	-1	369	365	146	
17	-91	73	6	8	17	3	357	370	146	
37	-86	60	6	5	13	3	343	367	176	
60	-81	50	3	3	0	2	330	357	175	
49	-87	42	-5	-4	-10	1	325	339	138	
49	-80	27	-4	-1	-18	1	322	304	85	
47	-70	19	-2	-3	-21	6	305	275	106	
59	-67	12	2	2	-26	3	294	225	94	
61	-60	4	3	-3	-31	0	281	200	80	
46	-59	5	9	2	-25	-2	273	152	80	
33	-59	-3	5	5	-24	0	259	106	87	
34	-54	-4	6	4	-28	-2	255	77	99	
37	-48	-11	6	4	-33	7	244	79	87	
36	-36	-18	6	2	-37	1	231	74	53	
20	-26	-29	2	-3	-44	-3	221	65	49	
30	-22	-27	-4	-4	-41	-6	201	52	42	
37	-19	-28	-1	-7	-41	-2	186	36	62	
56	-32	-39	2	-10	-41	-6	168	17	47	
56	-35	-37	2	-16	-51	-8	161	-14	43	
50	-35	-50	1	-16	-49	-5	150	-73	20	
54	-35	-55	2	-22	-43	-6	145	-97	36	
60	-19	-54	1	-26	-45	-5	137	-137	-6	
54	-14	-57	-4	-30	-48	-6	126	-165	-21	
54	-20	-55	-7	-29	-40	-2	124	-204	-35	
43	-28	-52	-4	-34	-38	4	107	-232	-47	
37	-36	-46	-1	-34	-31	1	95	-250	-41	
31	-43	-40	0	-33	-33	-1	71	-261	-28	
35	-39	-44	2	-33	-27	-1	59	-299	-36	
39	-38	-47	3	-31	-24	-5	48	-318	-57	
33	-25	-49	6	-32	-25	-4	26	-327	-62	
23	-16	-49	2	-31	-28	-2	22	-353	-37	
38	-15	-43	2	-29	-25	-1	12	-385	-53	
53	-25	-47	-1	-28	-24	-2	11	-421	-73	
55	-30	-40	0	-25	-25	0	13	-457	-102	
67	-44	-52	0	-21	-26	-1	9	-495	-107	
70	-53	-54	5	-17	-19	-2	11	-539	-86	
79	-58	-55	8	-16	-19	-1	4	-574	-101	
90	-52	-47	5	-9	-15	-3	-5	-602	-107	
90	-49	-44	6	-5	-12	-2	-14	-635	-86	
72	-49	-41	3	-2	-5	1	-13	-668	-106	
77	-55	-37	6	5	0	4	-21	-680	-125	
73	-62	-30	5	11	3	3	-44	-711	-66	
54	-67	-24	2	15	6	0	-63	-711	-63	
50	-86	-21	2	22	13	4	-61	-720	-108	
25	-98	-16	5	27	16	3	-75	-725	-134	
21	-101	-12	9	30	24	2	-93	-747	-91	
45	-101	-3	6	39	37	0	-94	-758	-71	
48	-101	3	5	55	49	1	-86	-776	-121	
37	-89	7	5	71	51	0	-90	-802	-143	
33	-89	13	9	82	57	2	-103	-824	-138	
36	-83	6	5	94	66	1	-90	-850	-121	
40	-92	11	11	97	68	3	-69	-872	-128	
43	-81	4	6	110	74	3	-83	-899	-145	
50	-93	6	6	127	74	3	-81	-925	-147	
40	-92	2	2	134	70	-7	-75	-931	-131	
49	-89	-2	5	134	70	-5	-84	-937	-152	
67	-87	-1	5	150	68	1	-95	-948	-146	
80	-84	3	5	158	77	7	-103	-952	-135	
47	-79	10	5	159	78	1	-108	-963	-117	
48	-77	8	5	174	90	-2	-105	-947	-144	
69	-76	28	6	182	92	-6	-111	-969	-173	
75	-75	28	8	176	89	-1	-119	-976	-156	
41	-76	32	11	191	94	0	-123	-976	-108	
31	-89	33	5	204	103	2	-126	-971	-95	
40	-89	36	5	200	112	4	-138	-983	-117	
39	-93	45	-2	205	114	1	-141	-980	-179	
29	-110	50	6	208	116	0	-148	-974	-242	
13	-104	63	8	196	113	2	-150	-967	-272	
20	-103	70	9	193	104	7	-164	-995	-241	
39	-105	70	12	187	104	9	-174	-1018	-220	
34	-106	86	6	189	100	9	-198	-1051	-232	
12	-95	93	6	179	87	10	-210	-1077	-236	
18	-94	127	3	171	83	12	-224	-1105	-235	
27	-79	117	8	163	73	12	-236	-1122	-236	
35	-77	94	8	162	65	17	-240	-1137	-235	
30	-60	124	8	160	61	17	-236	-1146	-195	
19	-57	122	6	156	49	16	-246	-1170	-184	
26	-63	127	8	154	53	10	-237	-1165	-221	
49	-56	124	9	151	49	9	-254	-1167	-246	
51	-44	121	12	145	40	8	-247	-1177	-232	
36	-57	119	11	148	42	2	-254	-1173	-240	
37	-53	118	11	147	34	4	-259	-1163	-255	
59	-46	117	8	147	36	-3	-252	-1160	-275	
58	-44	119	11	143	30	-2	-249	-1147	-258	
54	-40	124	9	137	34	-4	-261	-1169	-215	
46	-35	117	-5	137	37	-6	-266	-1156	-176	
49	-37	117	2	143	53	-7	-264	-1141	-173	
59	-38	114	6	142	54	-6	-261	-1129	-191	
66	-44	114	11	137	51	-1	-265	-1126	-180	
59	-39	116	16	135	51	4	-286	-1105	-139	
30	-38	121	15	135	57	4	-292	-1091	-140	
19	-37	119	8	137	66	-9	-287	-1060	-213	
44	-37	103	2	132	73	-16	-282	-1048	-205	
50	-30	88	-2	130	77	-12	-294	-1036	-130	
40	-24	93	2	127	69	-4	-310	-1019	-128	
24	-18	93	2	122	71	3	-301	-1001	-175	
-1	-19	75	8	119	70	-2	-305	-982	-180	
29	-9	70	3	118	80	-5	-291	-943	-147	
25	-6	68	5	122	87	-5	-305	-946	-155	
-27	4	56	5	124	87	-9	-310	-891	-188	
-38	7	49	9	127	80	-7	-288	-873	-161	
0	18	35	9	115	86	-8	-286	-835	-140	
40	18	27	16	116	79	-4	-296	-820	-129	
25	24	27	16	109	78	-5	-301	-789	-113	
7	24	24	11	109	78	-2	-285	-759	-124	
-2	25	24	8	110	73	-6	-275	-735	-130	
25	32	24	3	109	69	-3	-273	-709	-144	
19	34	20	6	105	60	0	-273	-664	-140	
21	40	17	8	103	57	2	-270	-649	-123	
28	47	12	14	87	63	4	-283	-621	-146	
31	46	7	14	82	58	-2	-281	-603	-159	
30	53	-3	11	82	65	-2	-280	-581	-165	
27	49	-8	11	81	75	4	-281	-548	-177	
33	55	-16	5	79	74	9	-277	-521	-152	
33	61	-21	5	74	74	11	-256	-482	-124	
33	66	-31	0	69	88	11	-255	-436	-132	
30	65	-42	-1	68	86	9	-236	-398	-119	
43	68	-55	0	67	93	2	-231	-372	-117	
43	61	-56	2	58	87	-2	-221	-326	-127	
46	58	-55	3	49	84	-6	-207	-285	-107	
50	56	-54	2	50	81	-8	-208	-246	-115	
27	50	-55	3	55	80	-5	-213	-196	-111	
43	47	-56	-7	51	82	-5	-200	-180	-136	
64	34	-52	-1	43	66	2	-200	-126	-140	
47	34	-58	-4	45	62	4	-195	-105	-115	
47	24	-66	16	47	58	3	-182	-92	-100	
58	23	-70	25	31	45	8	-182	-76	-100	
53	24	-78	12	21	48	12	-175	-71	-68	
48	28	-80	3	8	53	5	-163	-73	-85	
59	37	-84	-2	20	66	4	-153	-60	-89	
64	34	-102	-2	14	66	1	-147	-46	-87	
46	41	-110	-5	8	60	2	-131	-19	-86	
64	44	-112	9	-1	61	4	-127	-8	-85	
59	47	-136	16	1	63	1	-108	8	-63	
58	52	-147	13	-4	75	-4	-94	57	-91	
54	56	-156	14	-11	96	-14	-78	106	-91	
82	56	-167	-2	-13	112	-20	-75	147	-76	
100	62	-175	-7	-8	108	-22	-80	200	-29	
90	56	-181	-4	-27	100	-17	-71	239	-34	
102	50	-192	6	-48	91	-4	-67	298	-54	
105	49	-197	8	-56	89	-5	-59	314	-40	
94	46	-197	0	-62	90	-2	-43	335	-64	
88	42	-200	-11	-81	98	4	-35	357	-62	
107	38	-199	-13	-81	105	-7	-40	385	-37	
94	33	-214	-14	-86	103	1	-24	410	-57	
78	37	-227	-1	-102	99	12	-23	401	-101	
82	40	-230	3	-98	96	18	-20	428	-161	
78	38	-246	5	-102	90	15	-5	449	-209	
60	36	-256	5	-102	84	9	-3	462	-173	
59	23	-272	2	-95	79	-2	13	454	-84	
66	6	-284	-1	-85	65	-6	22	449	-59	
59	-8	-296	0	-96	43	0	28	446	-74	
55	-26	-312	5	-102	30	-3	34	458	-63	
38	-56	-327	5	-95	16	-2	32	444	-86	
45	-70	-336	-1	-90	3	-10	29	459	-129	
58	-96	-344	-2	-100	-5	-16	35	446	-134	
55	-122	-356	-2	-108	-12	-17	28	456	-106	
42	-145	-356	0	-111	-23	-16	26	468	-92	
18	-180	-357	9	-105	-31	-7	18	493	-90	
10	-212	-359	9	-96	-27	-2	9	470	-97	
16	-241	-367	6	-99	-25	1	4	464	-126	
-35	-280	-378	-1	-93	-22	-4	5	452	-134	
-62	-316	-394	-5	-89	-15	3	6	454	-125	
-65	-350	-427	-2	-80	-9	7	12	439	-119	
-62	-374	-450	-1	-85	-7	16	24	437	-102	
-71	-401	-467	3	-79	-15	16	28	424	-75	
-84	-423	-476	0	-83	-14	8	28	424	-65	
-92	-441	-487	-2	-80	-18	-2	32	408	-101	
-80	-443	-491	-7	-83	-19	-1	37	399	-120	
-86	-459	-500	-8	-77	-31	-6	34	396	-69	
-90	-464	-509	-7	-80	-44	-6	32	382	-50	
-104	-473	-510	-2	-79	-51	-2	32	367	-94	
-105	-487	-519	1	-67	-51	3	40	373	-140	
-111	-504	-527	-1	-56	-61	1	40	364	-109	
-136	-548	-537	-1	-44	-62	-2	40	359	-22	
-153	-557	-539	-2	-34	-52	-4	46	350	-24	
-158	-575	-545	2	-24	-48	-7	50	342	-105	
-164	-594	-540	11	-17	-45	-3	58	334	-120	
-183	-611	-530	9	-1	-48	-2	50	325	-51	
-176	-621	-532	6	6	-45	-2	53	303	-14	
-203	-648	-523	3	3	-39	1	59	295	-67	
-200	-670	-518	1	6	-38	1	64	284	-128	
-193	-685	-524	-7	11	-33	1	66	245	-89	
-178	-700	-528	-2	11	-35	-2	62	234	-13	
-186	-722	-525	0	12	-30	-1	64	200	6	
-196	-733	-527	0	8	-26	-4	79	180	-67	
-208	-751	-533	3	13	-28	-4	79	159	-106	
-203	-746	-526	0	24	-25	-3	86	124	-49	
-220	-767	-523	0	29	-16	3	80	115	11	
-200	-777	-505	6	27	-12	4	77	89	17	
-187	-779	-472	5	38	-2	6	89	76	-50	
-185	-799	-500	9	54	3	6	103	69	-87	
-194	-811	-496	9	66	-2	7	109	59	-50	
-236	-832	-490	11	70	4	9	114	50	-17	
-252	-889	-461	11	86	6	8	118	47	-4	
-232	-869	-451	12	95	4	1	129	32	-36	
-187	-882	-444	14	87	-2	-2	143	17	-79	
-175	-910	-425	15	102	-7	-1	167	4	-52	
-208	-919	-409	15	107	-12	-2	171	-14	-18	
-262	-935	-388	12	107	-12	-4	164	-31	-18	
-269	-950	-366	12	112	-12	-7	167	-53	-35	
-184	-972	-363	6	126	-12	-9	174	-70	-50	
-187	-969	-353	11	120	-10	-6	176	-77	-54	
-275	-973	-349	13	132	-5	-4	181	-91	-48	
-296	-1029	-329	16	145	3	-2	191	-117	-47	
-236	-1009	-333	15	143	9	8	181	-115	-37	
-193	-994	-353	16	163	25	6	182	-113	-64	
-199	-724	-271	16	160	24	7	183	-120	-36	
-282	-1034	-357	14	169	39	8	182	-122	5	
-237	-1083	-323	13	176	36	11	186	-124	10	
-219	-1069	-321	12	171	39	9	187	-142	-42	
-250	-1024	-306	12	171	34	2	176	-130	-95	
-265	-1018	-290	12	180	33	0	185	-135	-85	
-264	-1038	-301	11	169	27	1	170	-131	-46	
-230	-1012	-283	12	173	29	4	177	-128	-47	
-196	-982	-282	12	181	22	4	175	-132	-74	
-227	-959	-299	15	179	16	10	173	-135	-58	
-242	-957	-273	8	173	10	2	172	-130	-26	
-270	-935	-270	12	183	7	3	173	-131	-19	
-226	-927	-278	9	185	7	-2	161	-132	-26	
-224	-853	-269	14	183	3	-6	162	-132	-65	
-244	-851	-272	12	179	10	-3	160	-124	-73	
-239	-839	-282	18	178	13	-6	158	-115	-82	
-250	-813	-287	13	177	14	-4	156	-108	-57	
-250	-776	-260	16	171	13	1	151	-111	-34	
-219	-779	-301	16	174	17	4	143	-115	-11	
-212	-744	-299	14	167	27	7	138	-97	-17	
-201	-725	-309	6	162	29	5	133	-96	-44	
-239	-704	-306	5	153	30	0	128	-86	-81	
-225	-683	-314	5	146	29	6	134	-75	-84	
-187	-700	-330	6	133	29	8	126	-71	-86	
-223	-648	-340	9	127	23	14	130	-58	-76	
-233	-635	-337	9	122	17	15	117	-46	-79	
-252	-633	-330	6	114	10	8	119	-41	-37	
-227	-633	-313	3	116	0	7	103	-24	-41	
-175	-625	-304	0	99	-9	5	92	-22	-71	
-160	-638	-298	3	98	-25	3	78	-6	-97	
-185	-607	-304	3	90	-34	-1	65	7	-170	
-219	-602	-299	3	83	-45	-10	60	28	-173	
-214	-611	-306	6	71	-45	-6	58	41	-103	
-169	-586	-321	11	67	-52	-5	58	47	-58	
-171	-592	-315	15	69	-55	-5	54	57	-112	
-220	-575	-325	9	68	-54	-4	54	61	-161	
-180	-563	-313	11	55	-59	0	54	73	-126	
-145	-540	-320	9	46	-62	2	46	75	-59	
-171	-553	-331	8	41	-61	3	37	82	-27	
-175	-539	-328	5	39	-56	-2	34	87	-76	
-176	-578	-331	6	21	-55	-6	24	93	-104	
-162	-572	-328	6	9	-56	-4	17	95	-110	
-147	-565	-328	9	3	-58	-5	20	108	-110	
-163	-552	-311	8	-6	-56	-5	18	106	-119	
-132	-566	-304	6	-17	-69	-8	17	108	-126	
-97	-556	-293	-1	-22	-68	-6	27	103	-105	
-113	-554	-290	-5	-37	-77	-6	27	109	-99	
-147	-521	-288	-5	-49	-75	-6	31	116	-61	
-139	-570	-273	-5	-53	-79	-9	36	125	-42	
-119	-573	-266	-5	-67	-75	-6	38	123	-63	
-106	-589	-243	-1	-63	-84	-6	41	115	-53	
-126	-577	-236	3	-69	-78	-6	39	110	-38	
-92	-549	-251	6	-76	-82	-11	38	108	-57	
-70	-588	-213	8	-69	-82	-6	35	105	-106	
-77	-560	-218	6	-72	-79	-6	43	99	-119	
-69	-599	-193	8	-77	-84	-3	43	98	-93	
-48	-623	-190	9	-62	-81	4	53	97	-68	
-54	-573	-164	8	-67	-75	5	57	82	-63	
-47	-603	-133	11	-74	-71	3	72	74	-48	
-29	-592	-116	11	-60	-69	2	80	60	-63	
-26	-619	-95	12	-57	-62	0	88	60	-55	
-17	-605	-99	16	-62	-62	-3	100	59	-43	
-7	-617	-78	14	-66	-59	2	101	57	-34	
-3	-601	-64	8	-63	-62	2	104	47	-43	
12	-593	-47	9	-59	-61	4	106	36	-60	
16	-494	-25	3	-57	-58	6	111	29	-54	
21	-332	-16	3	-50	-51	12	113	24	-58	
37	-49	1	6	-46	-43	9	114	19	-62	
57	45	27	6	-39	-40	8	115	14	-66	
74	140	55	6	-37	-39	3	129	5	-43	
63	208	55	9	-27	-27	5	131	2	-51	
38	243	63	8	-11	-22	4	133	-2	-46	
76	276	72	5	-11	-12	7	145	-16	-50	
102	303	85	5	-2	-6	5	148	-25	-49	
99	327	90	2	5	7	7	153	-39	-48	
60	365	88	8	18	19	7	156	-51	-47	
52	390	89	8	18	20	8	161	-55	-44	
91	474	80	16	22	36	4	166	-64	-48	
130	455	73	12	28	55	4	170	-63	-44	
122	470	79	13	34	61	1	170	-67	-40	
111	485	75	14	34	68	4	158	-74	-55	
115	526	71	15	35	81	-2	150	-70	-68	
134	548	75	12	31	78	2	140	-69	-54	
156	564	89	11	32	78	4	118	-59	-66	
142	572	94	8	28	93	3	103	-44	-64	
144	585	81	9	22	77	-1	92	-30	-45	
140	597	92	6	19	65	-2	74	-28	-7	
132	589	87	9	12	73	-3	65	-17	-17	
83	609	92	6	8	70	-1	55	-7	-4	
100	620	102	5	0	61	1	51	1	-17	
143	645	95	8	-7	51	3	45	25	-61	
139	659	86	3	-8	50	0	31	40	-84	
111	687	92	3	-10	36	2	25	64	-68	
109	723	89	-2	-12	31	-3	15	79	-46	
144	760	83	0	-18	23	1	7	87	-53	
180	789	76	8	-23	6	-3	2	86	-56	
161	809	69	8	-20	-8	-3	-1	80	-46	
150	837	66	6	-23	-9	-7	-4	79	-77	
159	855	72	12	-21	-12	-2	-11	72	-78	
152	883	76	6	-26	-21	-6	-15	66	-64	
135	899	82	2	-33	-28	-3	-17	61	-59	
143	920	77	5	-40	-38	-2	-20	55	-79	
153	911	74	5	-55	-47	3	-27	63	-91	
166	921	75	6	-68	-56	0	-32	70	-70	
159	919	68	9	-86	-60	4	-39	79	-56	
147	922	76	5	-106	-57	2	-45	91	-56	
163	923	84	-11	-115	-60	1	-48	93	-79	
166	927	90	-14	-123	-63	-1	-51	103	-113	
179	927	100	-10	-142	-83	-6	-54	106	-160	
219	922	107	-8	-164	-101	3	-64	107	-140	
236	917	137	-1	-177	-117	10	-62	113	-63	
197	920	152	-2	-191	-126	7	-69	112	-8	
191	925	171	3	-207	-146	4	-69	97	3	
227	948	195	1	-199	-156	-2	-71	105	-36	
242	958	230	-12	-207	-169	-6	-73	117	-70	
213	973	243	-11	-212	-183	-11	-76	105	-60	
173	982	257	-4	-207	-196	-2	-76	104	-49	
220	989	271	1	-207	-218	-2	-79	118	-52	
269	995	285	5	-205	-218	-1	-81	119	-57	
267	996	300	8	-189	-229	-3	-78	127	-61	
224	992	303	5	-173	-222	-10	-76	131	-67	
145	989	307	-2	-174	-222	-12	-75	120	-108	
162	995	314	-2	-167	-221	-9	-77	120	-110	
202	1000	314	3	-163	-223	-6	-74	117	-76	
199	1006	321	0	-164	-231	-2	-79	103	-39	
183	1003	318	5	-166	-214	-1	-77	88	-39	
182	1008	310	-5	-163	-205	-6	-78	79	-59	
180	1007	300	-12	-166	-207	-10	-75	76	-92	
174	1001	295	-14	-167	-200	-7	-73	67	-79	
182	981	291	-11	-170	-181	-3	-81	53	-62	
203	977	298	-7	-166	-175	-2	-78	55	-66	
207	968	288	-7	-167	-173	5	-73	51	-91	
176	977	285	-2	-163	-164	4	-69	54	-84	
163	962	280	-1	-159	-154	4	-71	54	-57	
167	947	273	-8	-153	-142	1	-74	53	-42	
172	933	275	-1	-153	-139	1	-72	56	-48	
167	921	280	6	-151	-139	4	-74	55	-61	
160	895	282	11	-148	-135	5	-75	54	-51	
155	881	281	14	-143	-135	4	-77	48	-49	
169	847	294	15	-135	-130	2	-80	46	-34	
157	822	299	11	-134	-131	1	-79	42	-34	
124	792	310	11	-131	-120	0	-79	34	-42	
116	763	315	13	-122	-122	-2	-80	26	-36	
126	735	321	14	-106	-122	-1	-79	29	-34	
126	690	323	12	-109	-116	-2	-83	25	-31	
144	674	326	13	-99	-116	-1	-87	15	-34	
153	631	336	16	-98	-112	-6	-84	8	-40	
124	597	336	14	-90	-101	-2	-84	5	-33	
108	573	336	11	-76	-88	-2	-83	7	-26	
132	541	321	14	-74	-75	-2	-82	6	-23	
123	526	321	15	-75	-68	-3	-82	10	-36	
119	514	304	18	-59	-54	-2	-75	6	-33	
141	502	284	16	-40	-33	-5	-73	-1	-46	
108	478	278	15	-31	-19	-3	-67	3	-39	
85	467	253	8	-18	-9	-2	-61	11	-33	
94	461	239	3	-12	6	9	-61	1	-33	
100	451	226	2	-8	3	8	-60	2	-40	
125	442	207	-1	6	13	7	-57	1	-60	
141	427	186	2	5	16	4	-54	1	-42	
119	423	165	-2	9	20	0	-56	-4	-29	
123	400	153	-2	12	29	-17	-49	0	-36	
113	384	124	0	9	24	-7	-48	2	-64	
100	358	116	5	18	25	-7	-51	5	-61	
103	313	112	2	23	25	-3	-45	-1	-45	
102	292	88	-1	25	19	0	-41	6	-41	
87	259	74	-8	30	23	-2	-42	6	-61	
84	225	62	-11	27	11	1	-42	5	-76	
87	192	43	-17	30	3	1	-42	4	-56	
81	162	44	-20	39	1	-2	-42	0	-64	
85	139	24	0	30	-3	-1	-35	-8	-67	
100	115	21	11	20	-21	5	-36	-11	-65	
104	109	20	6	24	-29	4	-38	-13	-67	
57	89	11	5	19	-28	1	-42	-15	-65	
79	77	-9	0	18	-22	-8	-39	-15	-54	
77	67	-37	-8	17	-15	-9	-34	-9	-44	
67	66	-56	-2	21	-19	6	-37	-4	-10	
99	41	-95	11	23	-19	14	-39	-2	-31	
73	19	-92	18	17	-22	18	-35	4	-58	
63	-8	-108	18	15	-22	13	-33	14	-87	
123	-23	-120	15	12	-22	6	-30	21	-79	
113	-59	-131	9	16	-19	-4	-24	27	-47	
85	-97	-127	8	9	-21	-10	-28	29	-39	
105	-127	-142	5	2	-31	-8	-25	29	-54	
115	-168	-154	8	-11	-37	-5	-28	33	-52	
106	-213	-156	-2	-16	-35	1	-28	32	-45	
92	-230	-173	3	-25	-41	-1	-26	32	-31	
88	-251	-184	-5	-23	-39	-6	-26	31	-45	
101	-272	-186	-10	-28	-34	-10	-27	26	-54	
100	-283	-205	-10	-22	-31	-6	-30	28	-45	
86	-291	-239	2	-27	-21	-2	-26	30	-24	
65	-286	-262	3	-19	-13	2	-23	40	-17	
73	-282	-280	-1	-11	-7	4	-22	54	-41	
94	-261	-297	-1	-3	13	3	-16	72	-34	
97	-250	-309	2	8	25	0	-3	104	-4	
94	-241	-298	-2	26	31	-2	7	125	6	
119	-226	-307	8	34	39	0	19	161	-4	
129	-224	-299	8	41	46	2	33	180	10	
116	-215	-296	9	51	49	1	47	210	6	
79	-223	-302	5	63	45	-2	57	234	9	
108	-222	-309	3	71	30	-6	64	253	23	
113	-222	-321	0	77	24	-6	69	278	22	
67	-231	-304	5	78	17	-7	74	307	33	
74	-234	-296	3	71	8	-7	78	339	76	
104	-250	-299	2	88	1	-11	90	369	119	
83	-233	-292	-4	90	0	-11	107	412	129	
50	-227	-287	-2	93	1	-24	117	453	123	
57	-218	-300	-4	91	6	-17	139	488	129	
112	-199	-311	-7	91	11	-15	153	529	154	
103	-177	-322	-7	96	12	-8	164	568	164	
41	-170	-318	-1	101	15	-2	177	595	156	
56	-148	-323	3	105	21	1	180	623	144	
113	-134	-320	-4	105	31	-2	187	652	160	
107	-127	-320	-10	104	32	1	201	663	172	
63	-118	-315	-8	106	33	-5	208	680	151	
44	-93	-312	-7	102	28	-11	222	698	134	
84	-77	-323	-4	101	23	-8	234	709	164	
96	-62	-325	2	103	13	-2	245	715	189	
70	-64	-322	3	94	6	-4	243	727	180	
35	-62	-311	0	84	0	-8	259	754	171	
50	-75	-290	-2	79	-3	-10	256	773	166	
65	-78	-290	-1	74	-6	-10	264	785	154	
48	-70	-288	-5	64	-9	-7	270	811	144	
20	-76	-286	0	55	-21	-6	272	825	197	
20	-80	-260	0	46	-31	-4	278	827	226	
21	-69	-251	-1	36	-34	-1	286	854	218	
27	-60	-248	-4	32	-42	3	283	885	155	
33	-56	-247	2	25	-55	1	294	913	147	
27	-46	-227	0	12	-71	0	298	931	184	
13	-41	-210	-4	5	-75	1	305	941	189	
20	-36	-199	-4	-1	-83	0	321	958	185	
46	-27	-187	2	-3	-99	8	326	979	178	
42	-19	-181	3	-4	-118	16	335	970	163	
48	-9	-177	3	-18	-132	21	351	978	152	
43	5	-172	-2	-25	-153	19	370	986	128	
17	3	-164	2	-30	-178	18	393	984	158	
6	12	-147	-8	-30	-188	12	414	978	182	
48	17	-137	-10	-40	-216	4	407	972	220	
81	14	-115	-2	-53	-225	1	412	980	198	
57	20	-115	0	-56	-244	-11	425	968	163	
4	11	-109	2	-52	-248	-18	439	970	160	
-2	10	-93	1	-57	-249	-15	439	968	179	
17	4	-93	3	-61	-247	-16	429	966	201	
60	4	-75	0	-58	-235	-12	431	978	212	
73	-12	-76	1	-51	-225	-11	433	969	232	
46	-17	-68	-5	-49	-211	-6	438	963	258	
4	-16	-66	1	-52	-185	-2	423	942	234	
-13	-16	-70	3	-46	-167	-6	403	924	198	
0	-15	-72	3	-39	-154	-5	441	971	238	
60	-11	-60	2	-42	-134	-5	443	970	240	
57	-10	-52	1	-44	-124	-3	436	952	189	
6	-8	-47	0	-41	-113	-6	434	949	160	
-4	1	-46	-4	-53	-107	-5	440	941	214	
7	4	-48	-10	-59	-107	4	444	924	252	
11	4	-44	-7	-57	-111	-6	442	902	206	
-2	8	-46	-11	-53	-115	-1	450	889	188	
17	3	-45	-10	-53	-113	-4	452	877	228	
53	2	-39	-5	-47	-108	-2	452	875	236	
60	-5	-30	0	-44	-111	2	463	873	253	
31	-14	-18	3	-41	-114	-4	470	855	267	
2	-21	-9	0	-41	-117	-1	489	854	260	
21	-35	-9	-4	-38	-118	-2	489	832	242	
40	-36	-6	-4	-41	-121	-3	494	827	253	
50	-28	-5	1	-43	-136	-2	491	807	221	
44	-36	-2	3	-48	-143	3	493	793	253	
56	-39	8	5	-50	-152	-1	491	778	238	
65	-38	40	3	-48	-147	-1	493	758	236	
58	-34	68	8	-39	-146	0	503	727	208	
44	-51	81	9	-36	-137	-2	503	716	200	
33	-58	89	14	-27	-123	7	510	704	240	
41	-64	91	21	-20	-114	14	498	683	266	
50	-64	102	25	-10	-110	21	513	664	252	
56	-79	99	27	-5	-87	26	504	629	211	
53	-106	100	24	2	-74	23	519	624	214	
44	-119	104	19	2	-53	19	524	623	209	
57	-133	119	12	2	-56	18	526	593	228	
70	-143	138	12	-2	-56	10	527	578	226	
69	-157	147	11	-9	-55	8	518	568	211	
40	-170	163	6	-12	-59	2	523	537	188	
15	-177	172	-2	-17	-54	-6	519	524	247	
39	-169	189	-4	-14	-51	-11	500	523	263	
87	-174	193	0	-6	-45	-11	483	512	230	
93	-184	203	3	0	-32	-8	477	475	183	
47	-177	189	8	14	-17	-16	486	448	178	
34	-176	171	12	21	-12	3	492	423	212	
36	-165	150	14	33	3	2	487	402	220	
63	-154	134	9	47	26	2	490	348	192	
39	-143	113	6	49	34	2	490	323	188	
37	-146	106	3	59	42	1	499	290	223	
33	-131	96	6	63	41	-4	494	281	210	
36	-113	95	11	65	37	-2	465	261	188	
50	-107	103	21	66	45	0	457	273	158	
35	-112	104	14	59	43	-2	427	276	182	
32	-111	105	11	60	46	1	400	290	187	
30	-110	97	14	53	54	-5	381	305	146	
48	-102	97	9	52	44	-3	371	298	125	
37	-100	89	8	49	42	-2	350	320	173	
40	-104	79	3	43	46	8	345	312	187	
43	-114	69	8	33	36	9	333	313	163	
52	-117	64	3	28	28	4	321	274	89	
58	-110	60	2	23	18	2	304	251	99	
52	-108	61	0	23	19	3	295	217	104	
52	-107	45	11	19	12	2	281	184	93	
46	-99	49	9	20	5	8	269	136	77	
36	-98	46	14	20	1	8	251	102	90	
44	-89	32	8	24	-6	2	264	80	91	
24	-73	32	3	24	-20	4	254	55	87	
13	-50	16	5	25	-24	4	238	50	54	
36	-34	7	3	25	-30	4	228	35	29	
50	-31	2	5	21	-35	4	215	22	29	
48	-28	-8	8	19	-33	6	208	0	62	
25	-34	-9	8	18	-30	-4	192	-28	54	
38	-39	-15	5	8	-34	-4	184	-63	44	
67	-29	-28	5	9	-37	-3	178	-110	26	
53	-22	-41	1	5	-35	-3	165	-141	31	
42	-13	-36	1	5	-33	-3	161	-165	-6	
44	-15	-29	-2	2	-32	-1	148	-196	-27	
67	-31	-27	-4	1	-30	1	145	-213	-48	
37	-46	-18	-2	-2	-33	3	122	-237	-51	
10	-59	-15	-5	-1	-29	1	107	-253	-41	
31	-70	-5	-4	-3	-25	-2	88	-258	-25	
39	-66	-1	-2	-5	-22	0	68	-290	-16	
24	-67	-4	2	-10	-21	-5	59	-304	-66	
12	-56	3	3	-10	-18	-2	39	-321	-75	
23	-51	3	6	-15	-23	-4	38	-341	-45	
52	-52	5	5	-11	-18	0	27	-372	-73	
53	-59	4	3	-13	-15	-2	34	-418	-87	
45	-60	-1	6	-13	-19	0	46	-465	-103	
48	-69	-2	3	-15	-19	0	35	-498	-96	
60	-70	-11	1	-16	-16	-2	39	-555	-78	
63	-67	-14	3	-16	-16	0	45	-601	-104	
66	-62	-13	6	-9	-21	1	41	-622	-132	
57	-53	-10	9	-8	-17	2	29	-666	-94	
58	-58	-9	9	-5	-9	-1	38	-681	-109	
51	-63	-3	5	-2	-6	4	24	-703	-136	
43	-71	8	5	0	-4	2	0	-719	-75	
36	-91	15	5	5	-4	2	-9	-720	-60	
31	-100	23	6	9	3	7	-15	-722	-114	
15	-113	29	6	12	3	0	-37	-719	-130	
21	-126	32	9	17	9	2	-59	-737	-107	
79	-126	46	11	21	13	3	-63	-743	-88	
82	-123	53	8	30	23	8	-61	-756	-114	
53	-117	59	9	35	31	7	-59	-782	-140	
40	-117	58	6	45	42	6	-69	-806	-138	
40	-117	61	9	54	43	4	-58	-842	-119	
49	-117	56	6	69	48	1	-53	-855	-119	
40	-113	60	6	78	55	0	-41	-893	-141	
20	-109	53	5	93	62	2	-43	-906	-141	
17	-107	48	6	89	66	4	-50	-924	-131	
49	-104	35	5	105	66	4	-57	-938	-138	
67	-96	38	5	122	68	3	-58	-947	-154	
59	-93	39	12	135	65	-2	-65	-946	-166	
57	-86	38	11	141	68	2	-70	-956	-159	
71	-80	49	12	147	72	4	-81	-958	-143	
84	-74	50	11	172	85	1	-95	-964	-119	
60	-84	50	12	181	98	3	-100	-962	-154	
45	-89	58	6	182	108	4	-105	-967	-171	
34	-91	60	9	204	114	6	-111	-966	-147	
36	-96	62	12	202	109	2	-123	-972	-128	
40	-104	59	15	205	119	4	-126	-975	-168	
13	-113	55	15	217	128	3	-137	-975	-230	
6	-117	73	8	212	131	3	-144	-985	-249	
10	-116	91	3	216	134	-2	-151	-991	-205	
30	-113	86	3	211	125	0	-157	-1023	-206	
30	-109	95	8	203	122	5	-177	-1046	-246	
16	-106	95	14	185	125	13	-191	-1061	-251	
10	-91	98	9	183	110	8	-205	-1083	-224	
23	-87	127	6	182	109	7	-219	-1096	-230	
36	-72	150	9	173	104	9	-224	-1105	-239	
36	-70	104	6	169	93	11	-236	-1124	-224	
25	-68	126	9	163	79	16	-237	-1131	-226	
38	-65	127	8	159	77	18	-240	-1129	-235	
50	-61	140	11	157	65	22	-243	-1128	-237	
51	-55	131	11	154	64	20	-241	-1136	-230	
38	-54	122	12	153	65	17	-243	-1138	-235	
47	-59	123	14	148	55	16	-243	-1127	-244	
50	-54	120	14	148	54	9	-248	-1127	-269	
53	-51	122	14	141	48	12	-247	-1122	-249	
41	-44	125	14	143	43	7	-248	-1136	-223	
50	-46	121	0	142	39	2	-254	-1118	-196	
66	-44	128	1	143	40	-3	-248	-1116	-195	
63	-40	125	5	144	40	-2	-251	-1093	-202	
53	-44	123	9	144	37	-2	-253	-1088	-180	
46	-45	127	18	138	37	5	-278	-1074	-118	
46	-44	130	18	132	33	3	-280	-1057	-124	
33	-45	127	16	132	45	-6	-281	-1056	-193	
29	-43	108	3	132	48	-13	-275	-1022	-204	
71	-38	106	1	131	54	-13	-287	-1008	-127	
61	-30	107	0	132	54	-14	-297	-1003	-138	
7	-27	97	6	126	51	-5	-298	-984	-200	
0	-21	88	9	125	62	2	-295	-962	-189	
36	-18	80	9	125	74	2	-289	-931	-137	
45	-9	77	11	129	81	-4	-293	-923	-139	
10	-5	63	8	129	83	-4	-301	-904	-170	
0	3	50	3	124	89	-4	-288	-866	-156	
25	5	45	8	114	87	-4	-287	-835	-146	
23	12	35	14	111	82	-4	-290	-804	-129	
-10	14	30	12	106	78	-4	-285	-772	-100	
-29	21	29	11	109	79	-9	-274	-754	-120	
-6	22	22	11	109	71	-12	-270	-717	-136	
62	32	19	9	105	71	-7	-284	-685	-129	
66	39	16	9	92	68	-3	-272	-671	-123	
14	42	16	9	85	67	-2	-275	-633	-129	
0	40	12	9	85	61	0	-276	-613	-146	
20	48	6	11	85	57	-3	-276	-604	-152	
41	49	0	14	86	65	0	-279	-579	-165	
37	56	-10	16	74	72	7	-275	-536	-170	
24	61	-18	9	68	71	8	-272	-506	-148	
20	64	-27	15	71	82	10	-260	-480	-123	
50	69	-39	5	77	87	12	-263	-452	-125	
43	73	-50	0	70	86	11	-242	-397	-126	
40	72	-52	3	61	93	6	-236	-376	-120	
43	67	-58	3	61	98	6	-223	-324	-135	
40	67	-66	2	61	92	-3	-214	-273	-104	
43	63	-62	2	59	86	-4	-210	-236	-100	
53	58	-64	5	52	83	-8	-209	-200	-94	
57	52	-63	3	43	77	-7	-203	-164	-96	
60	46	-61	3	45	67	-6	-202	-140	-137	
53	38	-58	2	48	67	2	-200	-118	-157	
41	31	-69	2	47	68	7	-190	-84	-110	
61	27	-62	21	34	55	8	-187	-45	-67	
58	23	-76	15	27	59	15	-174	-48	-64	
52	30	-76	9	27	50	11	-167	-60	-92	
59	28	-84	5	29	70	6	-160	-32	-90	
68	29	-94	3	20	80	6	-151	-21	-95	
59	35	-116	-1	19	75	2	-133	-2	-87	
43	44	-122	6	18	72	7	-132	16	-70	
75	45	-121	14	22	78	8	-122	25	-72	
73	45	-137	16	8	82	10	-116	75	-99	
60	48	-149	12	9	83	3	-109	124	-93	
65	59	-157	6	5	93	-14	-103	174	-51	
90	62	-165	-1	5	108	-17	-98	214	-17	
109	57	-182	-1	-5	117	-21	-85	256	-52	
109	57	-188	-7	-8	108	-19	-81	298	-60	
102	57	-199	2	-28	102	-12	-69	318	-14	
86	54	-210	11	-30	93	-7	-51	351	-28	
92	48	-205	11	-46	93	-4	-47	376	-87	
94	49	-211	-8	-59	97	-2	-44	389	-54	
82	53	-213	-14	-69	107	-3	-28	419	-43	
72	48	-220	-17	-68	105	1	-30	413	-47	
76	47	-233	-12	-89	102	14	-27	424	-57	
80	49	-246	-5	-88	97	22	-26	439	-143	
66	40	-265	2	-86	96	22	-17	452	-208	
60	27	-282	8	-91	89	10	-21	455	-209	
54	10	-285	3	-92	84	2	-4	464	-135	
63	-5	-305	3	-80	64	-2	1	461	-93	
69	-23	-318	2	-85	53	-8	4	461	-53	
51	-47	-328	6	-98	30	-4	10	459	-45	
41	-68	-343	6	-98	10	-8	16	473	-72	
38	-92	-357	2	-95	-1	-10	6	466	-100	
47	-114	-358	-4	-92	-13	-11	-3	470	-121	
48	-139	-359	-1	-105	-15	-16	-5	484	-149	
29	-174	-360	9	-105	-17	-14	-17	507	-124	
-6	-194	-371	15	-105	-25	-13	-21	489	-85	
-20	-235	-376	15	-98	-22	-8	-25	486	-83	
-20	-271	-393	9	-93	-23	-2	-20	481	-99	
-39	-308	-406	5	-88	-22	2	-16	478	-128	
-59	-335	-428	1	-83	-15	5	-14	460	-132	
-70	-368	-464	-7	-86	-14	5	-12	451	-116	
-67	-384	-482	-7	-85	-19	11	3	438	-84	
-69	-403	-498	-4	-92	-25	16	4	436	-76	
-80	-419	-510	0	-93	-27	7	18	425	-108	
-88	-426	-516	-2	-90	-28	-2	23	401	-106	
-73	-427	-527	-1	-93	-31	-11	21	403	-63	
-75	-450	-530	-4	-88	-43	-9	20	380	-46	
-94	-462	-530	1	-83	-45	-11	23	379	-119	
-98	-474	-543	-1	-80	-46	-2	22	387	-150	
-97	-493	-547	0	-61	-52	6	25	370	-111	
-119	-515	-557	-1	-56	-54	8	26	367	-22	
-133	-546	-563	0	-37	-49	6	29	365	-34	
-138	-563	-561	2	-25	-41	-2	32	355	-110	
-147	-578	-559	5	-21	-42	-7	41	353	-106	
-198	-597	-551	9	-14	-44	-6	38	350	-18	
-184	-619	-542	11	0	-41	-2	30	326	2	
-162	-649	-531	12	11	-35	-4	31	316	-83	
-162	-669	-521	9	9	-36	-6	34	299	-123	
-179	-685	-522	2	8	-36	-2	30	281	-93	
-169	-706	-531	-1	11	-44	-1	13	247	-19	
-159	-715	-531	-2	21	-38	-1	17	232	-5	
-176	-728	-531	-1	28	-38	-1	19	209	-66	
-193	-738	-535	3	24	-32	-1	23	197	-113	
-206	-741	-538	9	34	-20	0	24	169	-46	
-205	-753	-542	9	47	-12	-2	22	156	12	
-210	-758	-547	9	60	-3	4	29	137	17	
-187	-760	-488	8	57	1	8	28	124	-53	
-169	-763	-539	5	76	10	12	57	104	-96	
-213	-777	-556	6	80	14	7	73	102	-44	
-271	-785	-553	3	82	10	6	78	91	-4	
-250	-803	-534	5	92	4	9	77	71	-7	
-226	-817	-517	3	94	4	3	76	60	-49	
-203	-824	-510	6	85	6	7	82	50	-74	
-208	-833	-492	5	100	1	-2	104	42	-48	
-206	-838	-477	9	104	-4	-6	121	24	-21	
-244	-854	-457	12	99	-6	-8	129	13	-15	
-228	-890	-449	12	108	-9	-8	131	-20	-18	
-151	-897	-428	13	124	-15	-7	148	-48	-36	
-179	-898	-415	12	123	-16	-6	162	-57	-70	
-245	-718	-342	12	125	-10	-1	188	-72	-51	
-299	-773	-425	13	144	-6	3	156	-93	-33	
-197	-890	-395	13	141	-5	5	158	-87	-44	
-170	-906	-412	22	147	0	5	142	-94	-61	
-236	-883	-349	24	160	4	3	157	-97	-43	
-240	-865	-332	24	157	16	4	161	-97	7	
-232	-850	-336	25	158	22	3	165	-105	0	
-223	-831	-327	24	171	26	8	166	-109	-82	
-238	-849	-314	22	162	33	14	176	-99	-98	
-252	-788	-315	18	158	23	16	173	-118	-49	
-239	-789	-314	16	164	26	18	178	-114	-29	
-216	-770	-308	18	163	17	17	178	-119	-53	
-193	-751	-294	11	156	12	11	182	-122	-83	
-222	-774	-290	11	152	6	6	184	-119	-47	
-240	-1098	-314	9	155	4	5	179	-129	-23	
-236	-1181	-276	15	156	-3	1	177	-127	-23	
-208	-1128	-292	18	155	-6	-2	174	-137	-24	
-211	-1155	-283	15	153	-10	-8	161	-142	-61	
-232	-1058	-287	18	151	-9	3	164	-134	-65	
-220	-1030	-288	15	156	-9	1	153	-130	-61	
-241	-1019	-290	11	160	-4	1	156	-129	-40	
-233	-978	-305	12	163	-2	-2	147	-124	-20	
-216	-916	-297	11	161	-2	2	134	-113	-16	
-209	-948	-283	13	160	0	0	126	-104	-37	
-193	-897	-304	15	147	3	-3	114	-94	-53	
-240	-881	-300	13	149	9	-11	106	-77	-59	
-239	-841	-297	15	144	14	-9	102	-63	-68	
-196	-829	-320	8	139	14	-10	102	-61	-81	
-213	-791	-324	11	127	20	-2	91	-52	-74	
-229	-789	-327	16	122	27	-2	76	-27	-72	
-247	-731	-331	9	122	22	4	76	-22	-39	
-213	-738	-320	6	126	29	9	61	-20	-22	
-176	-724	-326	3	118	33	0	57	-25	-42	
-186	-693	-317	5	111	29	-5	42	-12	-70	
-205	-732	-326	12	107	26	-4	44	-8	-74	
-206	-712	-329	12	98	16	0	33	-2	-89	
-197	-698	-336	15	89	7	2	38	1	-103	
-193	-669	-356	14	79	3	11	39	5	-104	
-192	-647	-338	5	75	-9	16	38	12	-100	
-207	-648	-352	6	56	-23	15	35	23	-103	
-199	-629	-344	-2	45	-30	10	35	48	-157	
-142	-636	-341	-2	38	-51	5	28	69	-178	
-160	-636	-341	3	31	-57	-6	16	82	-89	
-165	-626	-323	6	13	-69	-6	8	79	-10	
-168	-627	-331	11	5	-78	3	-4	93	-34	
-141	-637	-319	14	5	-93	-5	-1	107	-120	
-164	-637	-323	14	-8	-95	-6	-4	132	-116	
-160	-626	-313	9	-8	-94	1	-4	134	-71	
-129	-613	-306	0	-1	-92	2	-3	135	-86	
-101	-619	-299	3	-9	-98	5	7	126	-128	
-101	-603	-293	6	-21	-97	-1	14	131	-119	
-141	-604	-294	8	-20	-97	-1	15	144	-61	
-149	-616	-266	6	-29	-91	-5	26	134	-5	
-105	-609	-253	12	-40	-84	-8	28	123	-55	
-100	-625	-250	9	-43	-87	-9	34	120	-103	
-118	-620	-240	11	-49	-85	-6	35	115	-112	
-102	-614	-273	3	-61	-84	3	42	101	-81	
-51	-622	-216	5	-62	-78	-1	42	107	-56	
-47	-591	-228	2	-68	-68	4	57	101	-49	
-78	-624	-206	3	-80	-71	1	63	93	-86	
-54	-616	-191	6	-76	-68	1	81	88	-105	
-36	-623	-166	9	-75	-61	-2	86	73	-80	
-37	-628	-136	6	-94	-62	-1	94	78	-65	
-29	-617	-123	12	-89	-59	0	103	73	-77	
-24	-672	-97	16	-78	-51	3	106	67	-92	
-7	-662	-81	13	-85	-55	1	118	70	-57	
5	-670	-64	8	-83	-53	6	120	67	-51	
2	-675	-36	6	-79	-52	5	125	57	-47	
3	-672	-20	9	-71	-53	4	127	45	-57	
23	-697	-1	9	-69	-53	6	134	42	-58	
33	-657	12	12	-72	-58	4	137	30	-67	
33	-611	24	16	-65	-55	-1	146	25	-83	
49	-425	48	16	-56	-51	6	144	14	-56	
69	-181	56	22	-50	-49	3	152	12	-55	
90	1	85	16	-44	-43	2	168	2	-68	
78	138	106	16	-43	-39	6	175	-7	-55	
70	220	116	16	-30	-35	14	183	-18	-50	
102	261	130	13	-24	-35	12	196	-31	-55	
109	302	131	11	-21	-23	17	201	-45	-48	
71	329	129	12	-17	-16	10	208	-55	-48	
45	344	138	14	-10	-6	12	214	-65	-54	
91	377	132	16	-5	6	8	223	-78	-54	
129	484	136	24	1	14	10	229	-92	-52	
132	421	159	21	5	25	10	222	-96	-43	
109	431	142	16	5	39	8	221	-103	-55	
104	463	142	16	12	49	13	213	-98	-74	
134	495	140	15	15	48	6	203	-105	-66	
159	509	153	15	18	57	5	199	-100	-65	
142	542	155	16	18	64	5	182	-91	-67	
132	562	153	16	21	64	6	170	-93	-50	
148	575	145	15	16	57	4	162	-79	-56	
132	578	147	18	22	70	-2	158	-81	-74	
91	601	157	16	19	72	-2	143	-67	-70	
94	611	161	15	16	62	-11	131	-54	-50	
136	617	151	15	16	57	0	120	-38	-54	
142	620	156	15	11	57	4	103	-22	-58	
138	646	162	11	6	50	-1	93	-4	-68	
117	669	166	9	3	38	-2	79	8	-62	
147	700	159	6	-4	28	-2	67	24	-62	
183	718	151	9	-10	21	5	52	39	-66	
167	740	142	13	-14	15	-1	45	54	-54	
158	774	145	14	-23	7	3	35	52	-59	
161	806	139	18	-29	-6	-3	27	58	-77	
134	830	137	8	-31	-15	1	16	51	-74	
130	870	133	-2	-30	-16	3	10	63	-55	
150	892	118	-7	-30	-19	1	1	57	-72	
136	892	106	-5	-34	-31	0	-6	66	-80	
133	900	90	8	-40	-44	1	-14	66	-76	
150	918	85	12	-57	-69	5	-20	69	-70	
150	934	76	12	-63	-76	6	-25	73	-46	
133	941	91	12	-81	-86	-1	-34	76	-49	
133	933	106	2	-89	-94	-18	-34	74	-79	
159	935	107	-4	-112	-113	-16	-38	72	-77	
209	938	118	-5	-121	-128	-11	-43	70	-61	
213	953	132	-2	-134	-139	-4	-49	73	-38	
188	945	142	0	-140	-152	4	-48	73	-81	
186	956	160	2	-163	-153	11	-50	80	-142	
222	966	188	-7	-161	-169	9	-53	82	-107	
219	980	214	-10	-164	-173	4	-56	87	-34	
167	989	232	-5	-181	-181	2	-59	88	-1	
177	1002	254	-4	-197	-201	4	-64	100	-30	
250	1010	222	-2	-200	-209	8	-62	102	-61	
259	1015	276	8	-210	-218	5	-66	109	-67	
211	1023	307	6	-216	-225	0	-75	103	-54	
159	1019	316	2	-206	-225	-2	-70	115	-46	
157	1021	327	-4	-206	-238	-4	-67	121	-47	
172	1013	331	-1	-206	-243	-5	-74	110	-66	
172	1000	351	3	-207	-259	-1	-72	92	-79	
193	993	357	9	-199	-256	-5	-71	83	-82	
187	1002	346	8	-190	-267	-2	-71	82	-75	
195	1006	333	8	-196	-263	-7	-66	73	-72	
191	999	331	5	-196	-249	-16	-71	70	-65	
163	998	319	-1	-189	-246	-16	-70	56	-62	
185	1007	320	0	-187	-232	-11	-68	53	-62	
208	975	322	9	-185	-220	-7	-66	51	-59	
199	963	310	8	-188	-213	-6	-59	47	-60	
179	958	306	2	-183	-197	2	-66	44	-64	
175	940	302	-2	-179	-187	-3	-58	45	-62	
180	943	296	-5	-179	-173	-1	-66	44	-54	
176	922	297	-2	-181	-162	0	-68	43	-59	
171	906	292	3	-176	-155	4	-69	37	-58	
161	886	291	12	-173	-145	5	-74	36	-51	
154	879	290	12	-172	-140	8	-71	34	-40	
153	854	287	12	-163	-132	8	-75	32	-41	
147	824	298	9	-156	-130	4	-74	29	-34	
116	805	306	8	-144	-123	6	-77	25	-37	
116	761	306	12	-140	-119	5	-79	24	-33	
136	742	304	14	-125	-118	7	-77	18	-34	
130	707	306	14	-125	-120	3	-80	16	-27	
151	673	314	16	-115	-103	4	-78	11	-27	
160	644	319	15	-100	-98	3	-77	11	-37	
131	612	323	14	-89	-93	-1	-82	3	-27	
111	589	319	16	-89	-90	3	-79	5	-40	
136	546	317	16	-87	-85	2	-76	6	-43	
139	536	304	22	-69	-77	4	-78	0	-39	
119	517	289	21	-59	-65	-1	-79	-1	-23	
131	493	271	19	-53	-58	-1	-73	2	-46	
114	478	262	16	-31	-35	-10	-71	0	-53	
91	466	249	11	-20	-23	-3	-63	-4	-29	
111	446	243	11	2	-19	2	-60	-3	-29	
121	432	224	6	6	1	3	-61	-7	-56	
134	423	211	8	14	1	4	-58	-14	-56	
149	416	181	6	21	14	2	-53	-3	-47	
135	378	162	5	28	19	3	-50	-3	-56	
129	379	156	3	37	27	2	-53	-8	-54	
124	356	125	3	32	32	-4	-50	-13	-47	
97	323	115	2	43	34	0	-46	-10	-58	
83	296	109	-7	43	42	3	-47	-6	-62	
117	267	94	-12	63	38	3	-47	-6	-61	
118	238	79	-14	63	51	4	-43	-7	-63	
81	209	66	0	68	41	0	-40	-11	-70	
65	191	41	9	53	35	7	-39	-8	-74	
71	164	33	6	48	19	8	-41	-11	-67	
91	141	19	5	52	11	0	-46	-12	-50	
124	134	8	-2	48	12	-11	-35	-13	-40	
103	121	-5	-5	47	20	-16	-43	-15	-71	
43	109	-15	-4	58	14	-1	-38	-13	-65	
85	97	-41	5	55	9	7	-39	-9	-23	
103	76	-61	18	47	9	20	-40	-2	-31	
98	59	-76	15	48	12	21	-36	0	-80	
123	36	-117	16	53	12	10	-30	4	-88	
101	18	-97	18	43	12	2	-28	15	-71	
63	-3	-110	13	40	8	-3	-34	17	-44	
86	-46	-134	15	26	-4	-3	-31	15	-54	
117	-83	-142	15	19	-5	3	-31	9	-70	
136	-99	-135	14	8	-13	0	-24	12	-70	
115	-138	-145	11	-3	-24	-1	-24	17	-50	
84	-179	-148	3	-7	-24	2	-27	13	-37	
97	-199	-150	3	-12	-21	-1	-30	15	-46	
120	-210	-173	-4	-16	-15	-3	-31	18	-43	
82	-233	-193	0	-18	-13	-4	-28	23	-42	
64	-243	-196	8	-15	-19	1	-30	30	-42	
78	-256	-218	8	-13	-18	1	-27	40	-37	
99	-278	-250	11	-10	-15	3	-27	46	-41	
74	-266	-267	5	-3	-6	1	-24	56	-31	
60	-254	-283	2	7	7	2	-20	72	-27	
90	-254	-301	0	11	15	2	-14	90	-14	
97	-254	-301	6	19	20	1	-4	115	0	
100	-231	-292	3	22	17	4	3	140	-11	
117	-227	-301	6	27	21	2	16	161	0	
116	-220	-304	11	33	16	3	27	181	-1	
91	-221	-298	12	40	12	-2	41	203	6	
68	-212	-312	6	39	8	-6	52	233	10	
94	-200	-319	3	41	2	-9	64	243	16	
99	-211	-327	1	46	-8	-10	66	273	19	
60	-207	-304	-5	43	-8	-4	73	299	49	
73	-217	-299	-1	47	-9	-2	79	334	79	
104	-206	-312	0	52	-13	3	97	365	106	
89	-201	-313	1	59	-8	-7	109	412	126	
57	-189	-316	-2	63	-7	-7	116	456	123	
72	-172	-323	2	62	2	-9	136	503	140	
106	-152	-340	0	66	5	-2	146	540	150	
82	-149	-342	0	70	9	-6	164	585	154	
49	-122	-338	-1	72	7	0	172	609	146	
46	-112	-326	5	80	3	1	181	631	152	
84	-118	-332	5	77	0	-2	184	652	171	
95	-102	-339	-1	78	-1	-2	204	671	156	
53	-92	-329	0	76	-3	-5	206	679	163	
46	-76	-326	1	73	-9	-5	219	697	155	
80	-65	-324	5	65	-10	-7	234	703	166	
90	-66	-329	5	62	-12	-6	236	713	165	
60	-64	-322	6	58	-13	-9	241	731	177	
43	-78	-310	2	55	-16	-8	259	748	184	
53	-66	-301	5	50	-24	-5	261	773	196	
61	-65	-305	0	47	-24	-1	264	798	201	
48	-68	-301	-2	39	-21	-4	274	817	185	
37	-61	-297	2	32	-26	5	269	827	188	
16	-55	-283	2	26	-34	21	275	861	144	
26	-44	-273	8	18	-48	21	280	878	151	
34	-37	-267	0	14	-60	15	284	899	175	
29	-33	-265	-5	9	-68	9	289	926	190	
32	-26	-248	-4	3	-82	1	302	948	195	
26	-22	-229	2	3	-104	-5	312	958	180	
30	-15	-222	8	-5	-131	-2	331	971	177	
43	-17	-208	8	-2	-150	-4	347	977	194	
59	-8	-204	3	-1	-161	0	352	980	176	
63	5	-202	0	-4	-176	1	376	981	141	
37	2	-193	-5	-9	-176	-4	392	981	111	
13	1	-181	-7	-7	-195	-4	410	979	130	
14	0	-161	1	-14	-188	-2	408	965	185	
52	1	-157	3	-16	-191	-6	410	965	204	
77	4	-142	8	-16	-181	-5	411	971	167	
54	2	-146	6	-18	-170	-6	423	957	157	
10	-3	-140	3	-21	-161	-9	429	952	177	
-6	-6	-125	3	-27	-153	-6	428	967	216	
24	-10	-121	0	-35	-144	-6	420	958	200	
63	-19	-112	0	-36	-137	-4	420	976	189	
64	-26	-99	-2	-37	-130	-1	427	975	221	
40	-24	-91	0	-38	-134	3	438	968	255	
15	-24	-82	-1	-37	-126	-2	426	987	264	
-10	-21	-93	-2	-45	-116	-2	422	984	219	
10	-22	-89	3	-49	-114	-6	428	963	189	
42	-19	-72	2	-47	-119	-7	431	969	218	
38	-13	-65	8	-50	-117	-3	428	948	222	
47	-3	-62	3	-47	-115	0	427	949	193	
13	-6	-56	3	-46	-117	-2	438	932	214	
-1	-4	-59	2	-43	-116	4	449	921	219	
21	3	-59	2	-44	-114	-2	441	902	188	
49	3	-61	3	-41	-116	-2	452	876	203	
48	0	-58	3	-34	-117	3	456	863	249	
50	1	-49	8	-31	-113	2	454	858	230	
56	-2	-47	9	-28	-116	2	469	853	243	
61	-4	-36	11	-27	-111	4	470	840	273	
38	-9	-34	3	-23	-101	-1	490	846	273	
21	-8	-31	3	-27	-107	-3	482	830	259	
20	-8	-31	1	-30	-114	-1	489	824	246	
53	-15	-26	-4	-36	-119	1	486	801	217	
57	-18	-19	2	-46	-121	-1	493	796	246	
75	-24	1	3	-50	-123	4	488	790	252	
63	-29	15	3	-38	-120	-3	475	760	240	
59	-43	43	5	-40	-108	-2	480	738	208	
41	-61	71	9	-29	-103	3	482	726	209	
34	-60	84	15	-26	-93	4	490	710	253	
44	-62	82	16	-18	-72	10	470	689	276	
52	-84	88	19	-3	-59	15	487	673	254	
52	-107	91	19	9	-51	14	471	637	194	
54	-117	84	21	14	-35	15	475	630	201	
58	-121	92	16	17	-28	18	484	620	236	
63	-131	100	11	17	-10	10	489	599	258	
50	-145	108	8	11	-13	5	504	581	217	
72	-148	113	9	7	-18	9	494	576	188	
93	-144	135	3	5	-24	0	504	539	192	
82	-133	142	-1	1	-32	-9	496	534	253	
46	-136	141	0	-4	-39	-15	481	526	279	
30	-140	158	8	-3	-44	-14	465	515	214	
30	-139	151	8	1	-41	-7	452	485	167	
26	-127	144	9	8	-35	-2	460	458	199	
37	-121	129	11	14	-22	2	457	433	232	
42	-119	107	11	23	-7	4	457	403	210	
34	-115	88	8	29	4	8	462	357	168	
43	-114	90	9	35	15	8	455	321	198	
51	-115	74	14	43	26	4	464	295	236	
36	-101	70	9	41	31	5	467	296	218	
33	-102	75	16	39	28	2	447	275	190	
33	-104	76	19	32	32	4	425	291	147	
35	-97	82	9	26	38	4	390	293	185	
32	-96	88	8	24	29	4	368	316	190	
34	-89	84	14	17	25	-2	351	332	152	
46	-84	78	12	12	21	-1	339	326	132	
31	-80	71	5	11	25	3	323	347	173	
36	-88	61	8	14	21	8	328	338	184	
46	-83	54	9	10	12	9	315	333	160	
60	-81	46	11	8	12	5	310	288	95	
54	-80	47	6	8	0	4	301	264	109	
51	-74	33	11	8	-5	3	285	221	104	
48	-75	34	9	7	1	3	271	179	87	
48	-82	36	9	10	-8	2	258	128	86	
42	-81	22	5	10	-16	8	248	87	90	
31	-65	25	11	9	-16	8	257	51	97	
34	-50	15	8	8	-19	5	255	50	77	
36	-45	11	2	7	-26	8	237	36	43	
10	-38	2	2	3	-27	1	235	27	42	
20	-35	-3	3	1	-30	0	217	11	54	
55	-44	-12	2	-2	-33	-2	214	-2	64	
56	-41	-14	3	-6	-30	-1	193	-36	30	
48	-38	-18	2	-6	-28	-3	190	-61	27	
35	-27	-25	2	-5	-30	-1	176	-114	37	
43	-21	-29	2	-9	-31	-5	172	-135	36	
63	-17	-29	0	-11	-30	-2	161	-161	-3	
65	-30	-28	5	-11	-29	0	155	-193	-38	
44	-43	-26	-1	-13	-23	2	154	-217	-50	
23	-51	-17	-1	-14	-19	5	139	-240	-51	
37	-62	-6	0	-16	-21	0	120	-262	-37	
34	-69	-3	5	-16	-17	2	110	-270	-21	
30	-60	-1	5	-14	-19	3	90	-297	-26	
24	-56	3	5	-16	-21	4	79	-319	-84	
29	-52	8	11	-20	-24	3	58	-339	-75	
31	-61	8	11	-23	-23	-5	65	-359	-49	
44	-69	8	6	-23	-19	3	50	-390	-80	
46	-77	8	2	-23	-26	2	54	-442	-104	
44	-81	4	5	-24	-24	4	72	-485	-109	
44	-84	4	2	-23	-25	0	65	-522	-92	
60	-88	1	6	-22	-27	2	70	-568	-102	
66	-73	-5	9	-22	-24	3	78	-610	-125	
60	-65	-5	6	-19	-17	1	70	-635	-118	
57	-69	-2	5	-16	-9	3	60	-672	-82	
58	-71	2	6	-11	-6	2	70	-687	-106	
43	-79	6	12	-5	-1	3	45	-704	-125	
36	-87	11	12	-3	0	1	27	-716	-80	
67	-108	20	11	1	2	7	12	-729	-67	
84	-121	30	6	8	10	8	5	-721	-118	
77	-128	38	5	13	15	5	-5	-720	-130	
56	-132	43	11	15	18	7	-26	-749	-102	
55	-125	47	11	26	25	4	-40	-745	-109	
37	-128	59	11	29	36	4	-35	-764	-127	
26	-125	68	14	42	43	4	-32	-793	-133	
13	-129	62	11	50	45	4	-40	-817	-111	
13	-130	65	15	66	54	5	-38	-845	-129	
17	-129	56	11	74	51	5	-23	-870	-136	
50	-134	51	11	89	57	8	-22	-908	-155	
54	-120	51	6	92	60	5	-17	-915	-118	
37	-122	47	11	102	71	4	-23	-923	-96	
39	-112	47	14	121	76	2	-27	-952	-188	
80	-100	43	11	135	70	-1	-31	-952	-198	
78	-96	54	12	134	71	-1	-44	-945	-147	
53	-92	54	14	145	74	4	-51	-957	-130	
44	-87	45	12	165	74	5	-60	-959	-172	
48	-87	52	11	166	84	6	-75	-957	-178	
60	-87	53	16	181	93	4	-87	-957	-121	
41	-95	60	6	199	103	4	-88	-953	-117	
20	-99	64	11	197	113	4	-102	-971	-141	
26	-110	69	15	211	119	4	-108	-962	-177	
43	-112	67	18	217	123	5	-111	-970	-162	
26	-119	75	18	209	129	8	-116	-985	-183	
3	-119	83	12	222	125	8	-130	-989	-184	
13	-122	91	12	211	120	4	-131	-1008	-204	
19	-116	92	3	198	112	4	-144	-1035	-254	
29	-107	95	0	205	101	0	-155	-1053	-278	
